SYMBOL,SERIES,OPEN,HIGH,LOW,CLOSE,LAST,PREVCLOSE,TOTTRDQTY,TOTTRDVAL,TIMESTAMP,
20MICRONS,EQ,56.25,56.45,54,54.45,54.9,54.35,9476,520368.9,01-NOV-2010,
3IINFOTECH,EQ,67.5,68.65,67.2,67.9,68.2,67.2,1038413,70567656.4,01-NOV-2010,
3MINDIA,EQ,4198,4198,3905,3951.4,3920,3865.05,7607,30096347,01-NOV-2010,
AARTIDRUGS,EQ,138.9,141.8,135,139.65,141,136.85,51154,7099477.55,01-NOV-2010,
AARTIIND,EQ,69,70.9,69,70.25,70.25,70,26813,1882778.65,01-NOV-2010,
AARVEEDEN,EQ,87,88.45,85.45,86.25,86.8,84.45,2549,220630.1,01-NOV-2010,
ABAN,EQ,793.2,805.9,792,796.05,795.35,786.95,420235,335402566.45,01-NOV-2010,
ABB,EQ,825.5,848,817.05,842.65,840.5,822.2,119646,99950750.65,01-NOV-2010,
ABBOTINDIA,EQ,1190,1239,1176,1212.5,1210,1195.7,6760,8212259.95,01-NOV-2010,
ABCIL,EQ,130.25,133.9,129.05,132.25,132.55,129.3,8737,1152156.5,01-NOV-2010,
ABGSHIP,EQ,459.5,482.75,453.65,474.8,475,453.95,5949492,2803888133.6,01-NOV-2010,
ABHISHEK,BE,19.85,20.9,19.85,20.9,20.9,19.9,39321,811730.7,01-NOV-2010,
ABIRLANUVO,EQ,841,850.2,829.3,846.05,848,818.5,136470,115142132.15,01-NOV-2010,
ABSHEKINDS,BE,19.45,19.5,19,19.1,19.1,18.8,124779,2401400.95,01-NOV-2010,
ACC,EQ,989,1020,989,1013.9,1017,985.35,517558,521857426.05,01-NOV-2010,
ACE,EQ,62.3,63.7,59.4,59.75,59.4,60.45,239332,14602683.1,01-NOV-2010,
ACKRUTI,EQ,477,512.55,476.5,493.85,494.6,471.25,109598,54690017.6,01-NOV-2010,
ADANIENT,EQ,711.8,744,711.8,738.95,738.1,704.45,850862,624138294.5,01-NOV-2010,
ADANIPOWER,EQ,130.4,132.4,129.5,131.25,131.7,128.95,433109,56833604.6,01-NOV-2010,
ADFFOODS,EQ,78,78.75,76,76.4,76.5,79.05,9171,708745.8,01-NOV-2010,
ADHUNIK,EQ,107,108.8,106,107.05,107.65,106.6,411415,44460479.8,01-NOV-2010,
ADORWELD,EQ,216.05,229.6,216.05,217.85,217.55,215.45,8470,1851329.35,01-NOV-2010,
ADSL,EQ,222.4,224.5,218.3,219.25,219,221.55,111811,24698433.25,01-NOV-2010,
ADVANIHOTR,BE,45.65,46.5,44.05,44.05,44.05,45.4,646,29795.2,01-NOV-2010,
ADVANTA,EQ,458,468,451.1,457.05,456.25,456.5,4912,2249715.8,01-NOV-2010,
AEGISCHEM,EQ,332.7,333.9,321.4,328.55,326,329.25,184687,60797008.95,01-NOV-2010,
AFL,EQ,48,49.85,46.5,47.1,47.4,47.9,10279,486879.9,01-NOV-2010,
AFTEK,BE,16.85,17.25,16.25,16.45,16.5,16.4,74912,1252212.65,01-NOV-2010,
AGCNET,EQ,233,237.9,230.1,234.4,237.4,231.05,1948,456969.5,01-NOV-2010,
AGRODUTCH,EQ,30,30.15,28.6,29.15,29,29.8,85688,2541452.4,01-NOV-2010,
AHLEAST,EQ,421.25,433.1,421.15,423.3,421.7,434.3,1036,439313.6,01-NOV-2010,
AHLUCONT,EQ,173,183.9,173,179.45,179.7,175.4,196733,35335002.7,01-NOV-2010,
AHLWEST,EQ,231,237,231,233,233,232.2,593,139026.3,01-NOV-2010,
AHMEDFORGE,EQ,158.3,161,156.5,159.8,161,153.5,185380,29450165.45,01-NOV-2010,
AIAENG,EQ,415.05,419.6,411,415.35,412.05,415.95,4733,1970030.8,01-NOV-2010,
AICHAMP,EQ,41.9,42.05,38.15,38.15,38.15,39.35,2024,83515.45,01-NOV-2010,
AJANTPHARM,EQ,240.25,245.9,238.2,239.6,239.6,238.5,46913,11310618.25,01-NOV-2010,
AJMERA,EQ,257.1,261.8,254,257.4,257.9,253.7,49808,12835250.75,01-NOV-2010,
AKSHOPTFBR,EQ,22,22.9,21.35,21.55,21.8,21.5,474491,10510651.05,01-NOV-2010,
AKZOINDIA,EQ,865,874,855,860.55,860,867.1,3870,3332285.45,01-NOV-2010,
ALBK,EQ,252.4,257.5,250.15,255.15,255,247.75,760206,193714704.45,01-NOV-2010,
ALCHEM,EQ,250,254.05,245.15,246.1,246.9,246.65,103974,25580765.2,01-NOV-2010,
ALEMBICLTD,EQ,75.85,76.7,72.5,73.35,72.7,74.75,392739,29039138.8,01-NOV-2010,
ALFALAVAL,EQ,1391.05,1408.8,1390,1393.75,1390,1405.55,75,104761.55,01-NOV-2010,
ALKALI,EQ,97.2,98.5,96.1,96.5,96.3,96.8,22617,2201010,01-NOV-2010,
ALKYLAMINE,EQ,100,101,98,98.15,98,103.25,4849,480774.5,01-NOV-2010,
ALLCARGO,EQ,146.5,154.95,146.5,149,151.6,145.55,68967,10278960.8,01-NOV-2010,
ALLSEC,EQ,36.15,37.5,35.3,36.55,37.3,37.7,5331,193457.6,01-NOV-2010,
ALMONDZ,EQ,70.3,71.6,69,69.85,69.3,68.75,40985,2862723.2,01-NOV-2010,
ALOKTEXT,EQ,27.65,28.8,27.35,28.5,28.5,27.15,31650614,892094166.6,01-NOV-2010,
ALPA,EQ,15.2,15.65,15.15,15.15,15.15,15.2,6257,95390.7,01-NOV-2010,
ALPHAGEO,EQ,199.5,203.75,194.2,196.7,197.3,197.55,4918,976833.05,01-NOV-2010,
ALPSINDUS,EQ,8.55,9,8.5,8.65,8.65,8.7,36332,315422.5,01-NOV-2010,
AMAR,EQ,138.8,139.5,136.6,138.1,138.4,135.9,89367,12378894.5,01-NOV-2010,
AMARAJABAT,EQ,198.25,200.65,194,197.75,197.5,197.9,123969,24423449.3,01-NOV-2010,
AMARJOTHI,EQ,70,71.65,68.55,70,70,71.35,11023,775388.7,01-NOV-2010,
AMBIKCO,EQ,278.7,281,263.1,265.65,267,264.85,26167,7123459.15,01-NOV-2010,
AMBUJACEM,EQ,141,144.9,141,142.7,142.6,140.1,1847565,263902140.25,01-NOV-2010,
AMDIND,EQ,27.75,28.15,27.05,27.15,27.15,28.15,70237,1931506.75,01-NOV-2010,
AMLSTEEL,EQ,41.9,42.7,41.5,41.85,41.9,41.9,3655,153197.7,01-NOV-2010,
AMRUTANJAN,EQ,740,757.9,740,743.85,741,739.65,2839,2120169.7,01-NOV-2010,
AMTEKAUTO,EQ,161.1,166.9,160.5,164.55,164.8,159.35,1278815,210470980.45,01-NOV-2010,
AMTEKINDIA,EQ,64,64.2,62.35,62.95,62.8,63.4,162555,10275181.5,01-NOV-2010,
ANANTRAJ,EQ,130.25,134.7,129.85,133.75,133.6,129.55,341193,45610108.85,01-NOV-2010,
ANDHRABANK,EQ,179,181.55,178.2,179.9,180.35,178.2,1237233,222803041.2,01-NOV-2010,
ANDHRSUGAR,EQ,118.2,119.9,116.65,117,117.25,118.25,22175,2607605.9,01-NOV-2010,
ANGIND,EQ,68,69.9,66.3,67.15,66.55,66.35,12095,814497.9,01-NOV-2010,
ANIKINDS,EQ,58.05,58.3,56.5,57.05,57,57.45,9423,540125,01-NOV-2010,
ANKURDRUGS,EQ,132.05,134,130.75,131.65,131.5,131.65,61760,8152998.8,01-NOV-2010,
ANSALAPI,EQ,87.4,91.75,87.4,90.4,89.8,87.1,1255205,113719099.5,01-NOV-2010,
ANSALHSG,EQ,68,72.4,64.05,64.35,64.35,63.45,92754,6033324.45,01-NOV-2010,
ANTGRAPHIC,EQ,0.45,0.45,0.4,0.4,0.45,0.4,42494,18016.9,01-NOV-2010,
APARINDS,EQ,245,249.4,239.1,240.3,239.1,240.35,24953,6051375.1,01-NOV-2010,
APCOTEXIND,EQ,155,159.65,153.25,155.35,153.25,153.55,7415,1169155.2,01-NOV-2010,
APIL,EQ,760.35,784.8,760.35,767.4,768.25,756.95,60292,46354300.2,01-NOV-2010,
APLAB,EQ,39.05,40,39,39.1,40,39.9,489,19109.4,01-NOV-2010,
APOLLOHOSP,EQ,530,536.5,516.2,522.6,521,521.9,48207,25333717.65,01-NOV-2010,
APOLLOTYRE,EQ,72.45,73.25,71.5,71.95,71.8,71.55,3682686,265470111.95,01-NOV-2010,
APPAPER,EQ,176.15,176.15,170.4,170.8,170.85,171.05,10523,1804647.2,01-NOV-2010,
APTECHT,EQ,150.1,163.9,150,162.4,163.7,148.55,1007499,159392633.2,01-NOV-2010,
AQUA,EQ,60,61.35,58.55,59.65,59.05,59,412459,24707138.15,01-NOV-2010,
ARCHIDPLY,EQ,29.8,33.45,29.3,32.25,32.4,29.85,538289,17190838.1,01-NOV-2010,
ARCHIES,EQ,185,191.5,185,189.4,190.4,183.05,84353,15866860.5,01-NOV-2010,
AREVAT&D,EQ,300.4,302.95,294,295.45,295.15,294.7,637215,188423499.65,01-NOV-2010,
ARIES,EQ,157,165,157,158.95,159.3,159.8,21751,3474271.15,01-NOV-2010,
ARIHANT,EQ,122,122,113.15,115.1,120,118,318,37105,01-NOV-2010,
ARL,EQ,2.2,2.35,2.2,2.3,2.25,2.25,429061,978948.35,01-NOV-2010,
AROGRANITE,EQ,59.2,60.3,58.3,59.1,58.9,58.55,10474,618710.75,01-NOV-2010,
ARROWTEX,EQ,13.55,14.5,13.55,14.5,14.5,13.8,347513,4999349.55,01-NOV-2010,
ARSHIYA,EQ,322,328.95,316.5,319.95,320,316.65,42272,13573641.95,01-NOV-2010,
ARSSINFRA,EQ,1124,1145,1110.25,1119.8,1119,1116.7,15860,17827565,01-NOV-2010,
ARVIND,EQ,58.5,59.2,57.35,58.45,58.85,57.8,2277114,133026160.15,01-NOV-2010,
ASAHIINDIA,EQ,108.3,110,107.35,108.25,107.55,108.15,40328,4400719,01-NOV-2010,
ASAL,EQ,101.75,101.75,96.8,97.1,97,98.8,6770,659756.45,01-NOV-2010,
ASHAPURMIN,EQ,51.6,52,50.1,50.45,50.25,50.65,60903,3100766.65,01-NOV-2010,
ASHCONIUL,BE,7.25,7.35,7.1,7.35,7.35,7,334694,2435302.85,01-NOV-2010,
ASHIMASYN,BE,9.2,9.2,8.5,8.8,8.5,8.8,9985,88249,01-NOV-2010,
ASHOKA,EQ,315.25,318,309.1,311.7,312,312.1,30333,9469216.2,01-NOV-2010,
ASHOKLEY,EQ,77.15,77.45,75.65,76.1,76.25,75.8,2026539,154772297,01-NOV-2010,
ASIANELEC,EQ,25.45,25.8,25.3,25.35,25.35,25.25,106300,2706087.45,01-NOV-2010,
ASIANHOTNR,EQ,304,306.5,302.6,303.7,302.95,301.15,1930,587029.45,01-NOV-2010,
ASIANPAINT,EQ,2701,2712,2678,2705.05,2708,2687.75,40385,108972000.15,01-NOV-2010,
ASIANTILES,EQ,68,69.1,67.05,67.15,67.05,68.85,1305,88611.55,01-NOV-2010,
ASIL,EQ,6.4,6.45,6.3,6.3,6.3,6.6,7023,44474.4,01-NOV-2010,
ASSAMCO,EQ,21.6,22.05,21.25,21.35,21.4,21.3,706254,15290831.75,01-NOV-2010,
ASTEC,EQ,83.85,83.9,82,82.5,82.2,82.25,67307,5573905.3,01-NOV-2010,
ASTERSILI,EQ,44.75,45.9,44.3,45,44.85,44.7,66726,2997824.5,01-NOV-2010,
ASTRAL,EQ,186.5,190,178,178.5,178,183.35,14482,2635380.45,01-NOV-2010,
ASTRAMICRO,EQ,69.2,71,68.2,70.05,70.25,68.25,837334,58631415.9,01-NOV-2010,
ASTRAZEN,EQ,1156.05,1180,1137,1177.5,1180,1156.05,1490,1735641.65,01-NOV-2010,
ATFL,EQ,315.25,321,312.85,318.8,317.5,312.5,40538,12889518.05,01-NOV-2010,
ATLANTA,EQ,449.1,464.4,442.6,452.1,451.65,447.75,349650,159350336.3,01-NOV-2010,
ATLASCYCLE,EQ,262.1,268.7,260,262.05,262,260.3,42645,11281513.25,01-NOV-2010,
ATNINTER,EQ,1.8,1.85,1.75,1.8,1.8,1.85,10092,18056.85,01-NOV-2010,
ATUL,EQ,176,202.7,175,200.5,200.5,172.15,2380157,468042034.25,01-NOV-2010,
AURIONPRO,EQ,279.1,283,271.55,274.8,274,268.05,1343,373001.05,01-NOV-2010,
AUROPHARMA,EQ,1198,1264,1190,1243.25,1255,1184.95,153924,188918049.95,01-NOV-2010,
AUSOMENT,BE,32,34.45,32,32.55,34.45,32.8,126,4100.6,01-NOV-2010,
AUSTRAL,EQ,5.35,5.6,5.3,5.3,5.3,5.25,662728,3532215,01-NOV-2010,
AUTOAXLES,EQ,512,519.9,501.2,517.05,515,510.8,1737,890328.65,01-NOV-2010,
AUTOIND,EQ,240,247,236.2,238.75,237.2,237.75,29169,7067579.15,01-NOV-2010,
AUTOLITIND,EQ,28,29.95,28,29,29,28.65,3331,95859.05,01-NOV-2010,
AVANTI,EQ,40.7,42.7,39.6,40.45,40.85,39.45,12928,534949.8,01-NOV-2010,
AVENTIS,EQ,1815.1,1845,1815.1,1840.35,1845,1827.4,537,985650.15,01-NOV-2010,
AVTNPL,EQ,140.4,142.9,136,136.95,136,138.75,11499,1601420.6,01-NOV-2010,
AXIS-IT&T,BE,102,109.75,102,108,108,104.6,5815,626617.7,01-NOV-2010,
AXISBANK,EQ,1488.9,1524.35,1482.1,1513.6,1516,1471.05,1028011,1549962064.6,01-NOV-2010,
BAGFILMS,EQ,11.55,12.05,11.55,11.9,11.95,11.5,603167,7173511.4,01-NOV-2010,
BAJAJ-AUTO,EQ,1535,1543,1517.1,1530.75,1525.9,1510.95,516743,790675747.95,01-NOV-2010,
BAJAJCORP,EQ,644.9,654.1,625,630,625,647.5,7677,4885075.3,01-NOV-2010,
BAJAJELEC,EQ,271.6,277.7,256.1,264.1,269,269.65,137051,36264094.65,01-NOV-2010,
BAJAJFINSV,EQ,473.1,483.4,455,467.25,464,470.2,43617,20592320.2,01-NOV-2010,
BAJAJHIND,EQ,125.5,126.9,124.5,126.25,126.7,123.3,477608,60061752.25,01-NOV-2010,
BAJAJHLDNG,EQ,884,972,865,931.1,935,874.55,754296,693429389.05,01-NOV-2010,
BAJFINANCE,EQ,790,801,781.5,798.6,796.95,774.45,22483,17879454.3,01-NOV-2010,
BALAJITELE,EQ,49.55,49.9,49,49.6,49.75,48.95,98325,4877517.25,01-NOV-2010,
BALAMINES,EQ,245,245,238.05,243.45,244,238.95,6464,1569144.75,01-NOV-2010,
BALKRISIND,EQ,785,790,745,761.4,770,767.15,19104,14568966.2,01-NOV-2010,
BALLARPUR,EQ,40.9,41.05,39.2,40,39.7,40.1,1400016,55938529,01-NOV-2010,
BALMLAWRIE,EQ,650.1,663.05,641.25,644.3,642.1,652.3,7442,4809750.65,01-NOV-2010,
BALPHARMA,EQ,35.55,40.6,35.55,40.35,40.6,33.8,950564,37923885.25,01-NOV-2010,
BALRAMCHIN,EQ,86.7,87,84.95,86.3,86.7,84.4,772299,66474962.1,01-NOV-2010,
BANARISUG,EQ,870,889.5,868,880.95,889.5,873.1,183,160293.95,01-NOV-2010,
BANCOINDIA,EQ,101.25,101.25,97.55,99.65,100,98.35,76869,7629992.35,01-NOV-2010,
BANG,EQ,49.9,50.45,48.8,49.2,49.05,48.9,36464,1809701.9,01-NOV-2010,
BANKBARODA,EQ,1022,1026.35,1003,1019.95,1023,1014.15,443443,450361059.4,01-NOV-2010,
BANKBARODA,IL,1050,1062,1050,1060,0.0,1010,102265,108220460,01-NOV-2010,
BANKBEES,EQ,1233,1283,1233,1272.72,1266.05,1231.31,1394,1769574.57,01-NOV-2010,
BANKINDIA,EQ,493.35,503.9,483.05,500.5,501.6,486.55,950992,474058293.65,01-NOV-2010,
BANSWRAS,EQ,126.3,131.6,126.3,129.45,129.3,126.05,17484,2274510.65,01-NOV-2010,
BARTRONICS,EQ,103.6,103.6,101.7,102,102.2,101.95,139051,14255434.5,01-NOV-2010,
BASF,EQ,673,680,660,662.4,661.05,669.95,8084,5409522.2,01-NOV-2010,
BASML,EQ,142.2,154,142.2,148.5,148,147.3,24712,3675211.25,01-NOV-2010,
BATAINDIA,EQ,338.45,340.1,334.25,337.3,336.9,336.15,67316,22721432.9,01-NOV-2010,
BATLIBOI,BE,33.95,33.95,32.85,33,32.9,32.5,4552,151282.05,01-NOV-2010,
BAYERCROP,EQ,1045,1058.95,1025,1030.7,1029,1026.8,16346,17087004.25,01-NOV-2010,
BBL,EQ,1109.9,1117.8,1090.1,1097.25,1104.2,1088.85,1074,1179564.9,01-NOV-2010,
BBTC,EQ,525,528.35,521.1,523.75,522.75,519.7,1837,961825.6,01-NOV-2010,
BEARDSELL,EQ,50.05,53,49.5,53,53,51.95,201,9982.15,01-NOV-2010,
BECREL,EQ,17.55,17.65,16.25,17.05,17.05,17.35,1620,27869.1,01-NOV-2010,
BEDMUTHA,EQ,182.4,188.95,173.75,177.4,174.9,180.1,2636545,478326108.5,01-NOV-2010,
BEL,EQ,1659.9,1665,1625.3,1640.95,1644,1632.7,232294,381178654.1,01-NOV-2010,
BELLCERATL,EQ,23.7,23.7,23.25,23.4,23.25,23.35,4598,107919.65,01-NOV-2010,
BEML,EQ,1104,1121.5,1092.6,1110.85,1115,1123.65,9789,10890163.3,01-NOV-2010,
BEPL,EQ,41.8,42.2,41,41.7,41.75,40.95,14334,596959.5,01-NOV-2010,
BERGEPAINT,EQ,100.1,105,100.1,104.25,104.9,101.2,207867,21531326.25,01-NOV-2010,
BFUTILITIE,EQ,929.4,929.7,886.25,896.8,887.8,918.95,154329,140103599.1,01-NOV-2010,
BGRENERGY,EQ,765,770,757.05,763.9,763,753.5,118975,90995756.15,01-NOV-2010,
BHAGWATIHO,BE,175,180.8,173.75,179.75,180.8,172.75,5557,986012.9,01-NOV-2010,
BHAGYNAGAR,EQ,23.05,24,23.05,23.4,23.05,23.15,74024,1732292.6,01-NOV-2010,
BHARATFORG,EQ,383,383,374.7,378.7,377.95,377.15,210329,79629063.9,01-NOV-2010,
BHARATGEAR,EQ,74,75,70.3,73.45,71.8,72.05,44105,3230365.05,01-NOV-2010,
BHARATRAS,EQ,90,96.7,90,95,95,92.2,760,71549.6,01-NOV-2010,
BHARTIARTL,EQ,329,335.95,328.3,335.3,335.7,325.65,3165567,1056122553.15,01-NOV-2010,
BHARTISHIP,EQ,266.2,273.6,260.7,267.65,267.35,264.6,1447661,388527630.4,01-NOV-2010,
BHEL,EQ,2462,2477.6,2450,2465.25,2467,2445.55,455379,1122241123.75,01-NOV-2010,
BHUSANSTL,EQ,500,508,492.1,502.95,503.1,495.8,341366,171560675.15,01-NOV-2010,
BIL,EQ,87,87,79.7,84.35,84.5,83.1,4705,396623.6,01-NOV-2010,
BILPOWER,EQ,192.4,194.9,189,191.4,192.75,191.5,32953,6297666.8,01-NOV-2010,
BIMETAL,EQ,282.05,292.95,280,285.25,287.95,285.25,614,172523.8,01-NOV-2010,
BINANICEM,EQ,90.05,91.5,90.05,90.15,90.15,91,46528,4208337.65,01-NOV-2010,
BINANIIND,EQ,206,209,202.6,203.75,204.55,202.9,85959,17609010.3,01-NOV-2010,
BINDALAGRO,EQ,22,22.5,21.2,21.85,21.85,21.1,1763757,38563019.75,01-NOV-2010,
BIOCON,EQ,415.45,430.8,413,428.6,430.2,411.7,960341,407498578.7,01-NOV-2010,
BIRLACORPN,EQ,407.95,431,385,390.5,387,394.1,19006,7444721.45,01-NOV-2010,
BIRLACOT,BE,0.8,0.85,0.75,0.8,0.85,0.8,1496493,1220635.15,01-NOV-2010,
BIRLAERIC,BE,22.75,24.35,22.75,23.25,23.25,23.15,14645,353936.35,01-NOV-2010,
BIRLAMONEY,EQ,38.55,41,38.55,39.7,39.55,39.55,25643,1021500.4,01-NOV-2010,
BIRLAPOWER,EQ,1.5,1.6,1.5,1.6,1.55,1.55,8257574,12903631.2,01-NOV-2010,
BLBLIMITED,BE,15.3,16.1,14.55,16.1,16.1,15.3,25459,402279.65,01-NOV-2010,
BLISSGVS,EQ,39.9,41,38.5,39.15,39.25,39,51976,2058206.15,01-NOV-2010,
BLKASHYAP,EQ,36.5,36.8,35.5,35.9,35.8,35.95,142608,5162737.4,01-NOV-2010,
BLUECHIP,BE,1.7,1.7,1.6,1.6,1.65,1.65,96925,157540.9,01-NOV-2010,
BLUECOAST,EQ,195,195,178.1,188.35,188.35,186,21,3919.35,01-NOV-2010,
BLUEDART,EQ,1111,1111,1070,1078.15,1080,1075.1,827,893071.3,01-NOV-2010,
BLUESTARCO,EQ,451,461.85,449,455.1,456,456.95,41877,18984054.6,01-NOV-2010,
BLUESTINFO,EQ,113.6,114.45,111.5,112.45,112.95,113.55,4790,540908.7,01-NOV-2010,
BOC,EQ,333,333,323.1,325.5,326,329.75,12754,4183580,01-NOV-2010,
BODHTREE,EQ,42.85,44,42.85,43.4,44,41.9,2,86.85,01-NOV-2010,
BOMDYEING,EQ,619.85,627,614.65,624.25,625,613.4,184121,114762999.75,01-NOV-2010,
BOSCHLTD,EQ,6309,6666,6280.05,6506.25,6520,6261.35,31607,204833128.5,01-NOV-2010,
BPCL,EQ,739,760,734.9,754.8,757.75,730.05,1185699,889332667.3,01-NOV-2010,
BPL,EQ,38,38.8,37.25,37.4,37.55,37.35,53199,2007680.4,01-NOV-2010,
BRANDHOUSE,EQ,37.75,37.9,36.75,36.9,37.1,36.7,70133,2601535.6,01-NOV-2010,
BRFL,EQ,219.2,221.85,207.2,219.1,221,219.8,3211971,687488271.25,01-NOV-2010,
BRIGADE,EQ,137,137.8,134.25,135.15,135.45,135.2,24767,3370517.15,01-NOV-2010,
BRITANNIA,EQ,414,419.9,409.2,413.15,412,413.65,19842,8248296.85,01-NOV-2010,
BRITANNIA,N1,178.2,178.2,173.46,173.47,173.47,173.7,80,14206.85,01-NOV-2010,
BROADCAST,BE,20.6,20.95,20.2,20.5,20.4,20.55,13868,283144.95,01-NOV-2010,
BSELINFRA,EQ,9.25,9.55,9.25,9.25,9.3,9.2,171808,1605245.5,01-NOV-2010,
BSL,EQ,34.2,36.95,34.2,34.5,34.2,35.9,6091,214846.25,01-NOV-2010,
BSTRANSCOM,EQ,392,460,389.6,459.2,460,383.3,5621517,2474029329.1,01-NOV-2010,
BURNPUR,EQ,11.05,11.5,10.85,11.05,11.2,11,45334,502171.65,01-NOV-2010,
BVCL,EQ,29.8,29.95,29.5,29.9,29.9,29.6,7231,215697.9,01-NOV-2010,
CADILAHC,EQ,688,715.85,688,713.75,710,698.25,104378,74543695.05,01-NOV-2010,
CAIRN,EQ,326.75,327.5,321.5,323.85,324.45,320.9,1294233,418810305.05,01-NOV-2010,
CALSOFT,EQ,42.1,42.2,41,41,41,41.55,1030,43091.9,01-NOV-2010,
CAMBRIDGE,EQ,60.8,60.8,58.15,58.6,58.5,59.5,27443,1625400.3,01-NOV-2010,
CAMLIN,EQ,46.7,47.8,45.85,47.7,47.5,45.4,326857,15439410.3,01-NOV-2010,
CANBK,EQ,726,746,726,742.05,740,721.5,1072804,793804047.1,01-NOV-2010,
CANDC,EQ,264.9,268,260,264.35,262.5,258.6,12090,3200546.75,01-NOV-2010,
CANFINHOME,EQ,152.7,154.75,149.05,149.8,150,151.55,62455,9470996.9,01-NOV-2010,
CANTABIL,EQ,77.15,77.15,69.15,70.9,70.5,76.2,825798,58860486.5,01-NOV-2010,
CARBORUNIV,EQ,259,265,252.05,263.6,261,258.35,25847,6755801.85,01-NOV-2010,
CAROLINFO,BE,80.05,82,80.05,82,82,82.4,755,61715,01-NOV-2010,
CASTROL,EQ,476.3,482.15,471.2,474.85,472.25,473.5,69498,33065840.95,01-NOV-2010,
CCCL,EQ,78.8,78.8,76.5,77.45,77.5,76.95,25938,2002917.3,01-NOV-2010,
CCL,EQ,326.8,326.8,320,322.3,322.45,317.05,15827,5115003.55,01-NOV-2010,
CEATLTD,EQ,158.5,159.3,155,157.2,156.2,156.85,31497,4966153.7,01-NOV-2010,
CEBBCO,EQ,109.75,110,105.05,106.8,105.05,108.05,152132,16322218.65,01-NOV-2010,
CELEBRITY,BE,15.9,15.9,14.65,15.35,15.4,15.4,10059,150923.7,01-NOV-2010,
CELESTIAL,EQ,30.9,30.9,30,30.05,30.15,30.15,10526,318837.5,01-NOV-2010,
CENTENKA,EQ,242,251,240.1,242.2,242.1,242.35,24752,6057907.75,01-NOV-2010,
CENTEXT,EQ,5.3,5.55,5.3,5.35,5.3,5.3,72933,395296.6,01-NOV-2010,
CENTRALBK,EQ,229,238.9,226.4,236.35,235.75,226.25,1306162,305098527.4,01-NOV-2010,
CENTUM,BE,122.45,134,122.45,130.05,129.35,128.85,2915,385532.8,01-NOV-2010,
CENTURYPLY,EQ,69.9,72.4,68.6,69.1,69.25,68.55,374273,26204862.85,01-NOV-2010,
CENTURYTEX,EQ,506.85,512.4,499.2,509.2,508.45,500.45,525784,266275221.45,01-NOV-2010,
CERA,EQ,175,183,175,179.05,179,177.4,12480,2255008.95,01-NOV-2010,
CESC,EQ,377.95,377.95,374,375.2,376.35,371.3,32770,12294713.1,01-NOV-2010,
CHAMBLFERT,EQ,83.9,83.9,81.8,82.05,81.9,80.05,3319288,273470532.35,01-NOV-2010,
CHEMFALKAL,EQ,71,72.35,63.4,67.3,68.95,68.4,133472,9273879.3,01-NOV-2010,
CHEMPLAST,EQ,8.85,9,8.75,8.8,8.75,8.75,46134,411185.75,01-NOV-2010,
CHENNPETRO,EQ,241.35,244.8,241,243.05,243,240.5,31657,7698732.15,01-NOV-2010,
CHESLINTEX,BE,17.45,19.25,17.45,18.45,18.4,18.3,2058,38109.75,01-NOV-2010,
CHETTINAD,EQ,570,570,521,523,523,521.15,224,118912.3,01-NOV-2010,
CHOLAFIN,EQ,183,184.7,179.1,180.6,179.95,182.05,61987,11266462.05,01-NOV-2010,
CINEMAX,EQ,62.3,62.3,60.1,60.5,60.6,60.4,19501,1182986.45,01-NOV-2010,
CINEVISTA,EQ,6,6,5.35,5.85,5.9,5.9,13441,77286.2,01-NOV-2010,
CIPLA,EQ,355,362.8,354.05,356.6,358,352.95,1996703,715585159.75,01-NOV-2010,
CLASSIC,EQ,20.5,20.5,20.05,20.15,20.3,19.8,20021,404197.2,01-NOV-2010,
CLNINDIA,EQ,778.8,779.95,760,772.8,765,767.6,4189,3232928.55,01-NOV-2010,
CLUTCHAUTO,EQ,64.8,66,64,64.95,65.3,64.85,25584,1665659.55,01-NOV-2010,
CMC,EQ,2155,2449.8,2120.1,2379.8,2375,2113.45,81662,192356186.85,01-NOV-2010,
COLPAL,EQ,885.65,900,880,883.1,884.9,880.15,87337,77107143.4,01-NOV-2010,
COMPUAGE,EQ,165,177.5,164.95,177.5,177.5,169.05,54705,9529689.75,01-NOV-2010,
COMSYS,EQ,54.6,54.75,52.95,54.5,54.5,54.85,1954,106405.85,01-NOV-2010,
CONCOR,EQ,1330,1333.7,1305,1318.35,1314,1316,9716,12830548.9,01-NOV-2010,
CONSOFINVT,BE,130,132.65,129.1,130.4,129.1,126.6,17460,2287659.05,01-NOV-2010,
CORALHUB,EQ,7.45,7.75,7.2,7.25,7.35,7.45,207803,1530948.35,01-NOV-2010,
CORDSCABLE,EQ,42.2,42.2,40.75,40.9,41.4,40.6,4886,200393.6,01-NOV-2010,
COREPROTEC,EQ,288.5,300,283,293.5,290,286.2,397829,116122491.6,01-NOV-2010,
COROMANDEL,EQ,650,671,633,637.1,635,641.05,48377,31366926.05,01-NOV-2010,
CORPBANK,EQ,752,765.9,746.2,751.1,752,746.15,55468,41797194.8,01-NOV-2010,
COSMOFILMS,EQ,171.1,178.9,171,175.65,175.5,169.75,371273,65051850.35,01-NOV-2010,
COX&KINGS,EQ,584,589,556.25,562.15,559,566.9,37931,21619593.85,01-NOV-2010,
CPIL,EQ,475,482,456.35,460.85,457.1,470.45,94101,44106276.4,01-NOV-2010,
CREATIVEYE,EQ,7.8,8.1,7.75,7.95,7.95,8,1719,13499.55,01-NOV-2010,
CRESTANI,EQ,97.1,99,96.65,97.05,97.5,96.75,41578,4068795.7,01-NOV-2010,
CREWBOS,EQ,184.1,191.2,181.6,182.75,181.95,183.75,104755,19471102.75,01-NOV-2010,
CRISIL,EQ,6177.6,6247.95,6177.6,6230.45,6235,6177.6,552,3441204.35,01-NOV-2010,
CROMPGREAV,EQ,320.5,328.8,320.45,326.05,326.8,317.95,469443,151898314.25,01-NOV-2010,
CRONIMET,EQ,96.55,99.85,96.55,97.05,97,95.9,10116,987878.05,01-NOV-2010,
CTE,EQ,21.45,23.15,21.45,22.45,22.35,22.4,10552,236446.65,01-NOV-2010,
CUB,EQ,51.8,52.2,49.85,50.45,50,50.6,3602095,183578614.1,01-NOV-2010,
CUBEXTUB,EQ,24.05,24.45,23,23.35,23.2,23.9,9181,215706.3,01-NOV-2010,
CUMMINSIND,EQ,809.85,809.9,791.2,803.95,805,794.65,170977,136894862.5,01-NOV-2010,
CYBERMEDIA,EQ,25.7,26.25,25.4,26.15,26.25,25.65,940,24211.25,01-NOV-2010,
CYBERTECH,EQ,17.95,17.95,17.4,17.55,17.75,17.55,16214,283796.15,01-NOV-2010,
DAAWAT,EQ,65.7,65.8,64,64.4,64.45,64.05,81744,5303220.55,01-NOV-2010,
DABUR,EQ,100.1,100.95,98.75,99.5,99.2,99.75,1403389,139651902.95,01-NOV-2010,
DALMIASUG,EQ,48.2,50.35,48.2,48.95,48.5,48.6,18667,914308.85,01-NOV-2010,
DATAMATICS,EQ,32.2,32.5,31.7,32.1,32.25,32.2,15864,509733.75,01-NOV-2010,
DBCORP,EQ,285,285,272,278,277,275.45,13046,3636133.55,01-NOV-2010,
DBREALTY,EQ,430,439,421.05,431.3,431.05,419.55,581615,248753106.95,01-NOV-2010,
DCB,EQ,70.45,73.45,69.4,73.05,73.25,69.3,10188134,730474163.2,01-NOV-2010,
DCHL,EQ,130.7,139.65,130.15,137.55,137.7,129.85,1255676,171603400.45,01-NOV-2010,
DCM,EQ,137.05,143,136,142.55,142.75,135.25,495066,70049158.75,01-NOV-2010,
DCMSRMCONS,EQ,47.2,47.8,46.5,47.55,47.75,46.5,53903,2543254.1,01-NOV-2010,
DCW,EQ,17.05,17.55,17.05,17.3,17.2,16.95,234389,4070248.9,01-NOV-2010,
DECCANCE,EQ,164.1,166.9,164.1,165.4,164.1,164.75,1469,242577.7,01-NOV-2010,
DECOLIGHT,BE,8.95,9,8.85,8.85,8.85,8.95,4408,39056.85,01-NOV-2010,
DEEPAKFERT,EQ,181.2,187.4,181,183.4,183.95,178.3,330854,61082750.2,01-NOV-2010,
DEEPAKNTR,EQ,192,194.95,187.25,191.5,191.8,192.5,16747,3202581.8,01-NOV-2010,
DEEPIND,EQ,99.45,100.45,96,96.25,96.25,99.15,41978,4085758.6,01-NOV-2010,
DELTACORP,EQ,93.5,94.8,91.1,92.45,92.25,90.2,7203637,668765072.2,01-NOV-2010,
DELTAMAGNT,BE,56.45,56.45,52,56.45,56.45,53.75,4162,232660.25,01-NOV-2010,
DEN,EQ,232.1,237.35,230.25,232.15,232.5,232.4,68720,16126619.15,01-NOV-2010,
DENABANK,EQ,140,142.2,137.1,141.05,140.75,136.7,3299515,463788609.85,01-NOV-2010,
DENORA,BE,76.05,77.8,76,77.2,77.2,77.05,166,12734.1,01-NOV-2010,
DENSO,EQ,96,96,93.35,94.55,94.95,94.65,11613,1096994.75,01-NOV-2010,
DEWANHOUS,EQ,318.65,327.5,314.05,316.5,317,312.6,251971,80454761.05,01-NOV-2010,
DHAMPURSUG,EQ,73.5,73.9,73,73.5,73.55,72.75,131071,9630878.35,01-NOV-2010,
DHANBANK,EQ,186,188.9,182.05,183.2,183,186.2,433743,80441573.95,01-NOV-2010,
DHANUS,EQ,19.5,19.95,19,19.4,19.3,19.05,40744,793153.1,01-NOV-2010,
DHARSUGAR,EQ,51.5,51.5,48.4,48.8,48.9,50.3,16305,804178.5,01-NOV-2010,
DIAPOWER,EQ,239.95,244,236.9,240.9,240.1,235.2,29410,7082865.55,01-NOV-2010,
DICIND,EQ,290,290,279.95,281.45,281,279,5929,1669213.2,01-NOV-2010,
DIGJAM,EQ,15,15,14.1,14.1,14.1,14.8,804345,11402595.65,01-NOV-2010,
DISHMAN,EQ,183.6,188.95,182,182.3,182.05,185.45,94038,17442521.15,01-NOV-2010,
DISHTV,EQ,56.75,57.75,56.5,57.15,57.45,56.1,1553680,88843670.3,01-NOV-2010,
DIVISLAB,EQ,698,707,695,699.35,700.25,692.3,46570,32566925.2,01-NOV-2010,
DLF,EQ,358.9,363.4,353.25,361.3,361.35,350.7,3589812,1286159031.65,01-NOV-2010,
DLINKINDIA,EQ,40,40.6,39,40,40.1,39.8,45296,1815218.9,01-NOV-2010,
DOLPHINOFF,EQ,275,278.4,245,247.65,247.35,249.25,142307,38881926.6,01-NOV-2010,
DONEAR,BE,40,40.5,37,38.1,37.5,38.85,22447,880306.1,01-NOV-2010,
DPSCLTD,EQ,2048.95,2048.95,1930.05,1983.1,1975.1,1924,261,523506.4,01-NOV-2010,
DPTL,EQ,207.1,210.5,202.1,205.65,208,205.25,104527,21539820.15,01-NOV-2010,
DREDGECORP,EQ,525,527.35,517,520.9,519,517.35,8936,4652706.1,01-NOV-2010,
DRREDDY,EQ,1667,1686,1666,1678.9,1678,1659.6,316245,530301540.55,01-NOV-2010,
DSKULKARNI,EQ,71.8,72.75,71.1,71.95,72,70.7,65394,4706924.15,01-NOV-2010,
DUNCANSIND,EQ,16,17.4,16,17.3,17.2,16.75,70626,1212699.9,01-NOV-2010,
DWARKESH,EQ,95,96.15,93.6,95.55,95.3,93.6,57128,5440102.95,01-NOV-2010,
DYNACONS,EQ,0.95,0.95,0.9,0.95,0.95,0.9,32651,30056.8,01-NOV-2010,
DYNAMATECH,EQ,1285,1285,1204.2,1213.7,1205,1223.1,45,55197.05,01-NOV-2010,
EASTSILK,EQ,14.6,14.9,14.2,14.6,14.55,14.2,124487,1813298.6,01-NOV-2010,
EASUNREYRL,EQ,137.15,141,137.15,138.7,138.1,135.5,41936,5841165.2,01-NOV-2010,
ECEIND,EQ,141.75,144,136,137.6,136.5,139.2,2239,311827.1,01-NOV-2010,
ECLERX,EQ,590.1,613,581.5,608.9,607.7,605.1,7787,4744836.7,01-NOV-2010,
EDELWEISS,EQ,63.75,65,62.8,64.2,64.4,62.5,1875436,121149787.05,01-NOV-2010,
EDL,EQ,136.2,139,136.15,137.2,137.8,136.75,13374,1841519.65,01-NOV-2010,
EDSERV,EQ,207,209.6,204.1,205.95,207.55,205.1,282217,58315243.95,01-NOV-2010,
EDUCOMP,EQ,556.7,559.8,546,547.45,546.55,550.45,476464,262724199.8,01-NOV-2010,
EICHERMOT,EQ,1299.8,1310,1280,1298.55,1295,1280.95,7032,9101188.8,01-NOV-2010,
EIDPARRY,EQ,509.7,522.5,503,508.6,506.5,496.8,181297,92720222.4,01-NOV-2010,
EIHAHOTELS,BE,183,190.8,183,189.3,190.1,181.7,2241,422496.7,01-NOV-2010,
EIHOTEL,EQ,125.9,125.9,123.5,123.8,123.65,124.6,133741,16604377,01-NOV-2010,
EIMCOELECO,EQ,316,329.9,314,321.3,320,311.85,14314,4635111.5,01-NOV-2010,
EKC,EQ,127.7,128.25,126.1,127.15,127.3,125.95,358953,45572187.6,01-NOV-2010,
ELDERPHARM,EQ,395,403.95,391.1,398.4,399,397.8,65992,26387798.5,01-NOV-2010,
ELECON,EQ,94,95.75,93.1,93.7,94.55,92.7,173328,16368270.8,01-NOV-2010,
ELECTCAST,EQ,42,42.4,41.3,41.6,41.75,41.25,245703,10262047.75,01-NOV-2010,
ELECTHERM,EQ,293.1,301,291,292.75,292.25,294.4,3905,1150474.6,01-NOV-2010,
ELFORGE,EQ,23.6,25.1,23.6,24.55,24.1,24.45,7452,180904.2,01-NOV-2010,
ELGIEQUIP,EQ,187,198,185.1,194.85,197,184.6,193402,36961868.85,01-NOV-2010,
ELGIRUBBER,EQ,10.7,10.9,10.3,10.4,10.4,10.65,35370,377235.8,01-NOV-2010,
ELNET,EQ,62.05,63.5,61.05,61.45,61.05,61.45,3766,236171.4,01-NOV-2010,
EMAMIINFRA,EQ,48,48.2,47,47.4,47.4,47.15,85650,4078260.85,01-NOV-2010,
EMAMILTD,EQ,461.1,470.85,461.1,468.1,470.5,456.75,27860,13023856.25,01-NOV-2010,
EMCO,EQ,59.4,60.75,58.45,58.75,59,57.9,400579,23862836.45,01-NOV-2010,
EMKAY,EQ,99.9,99.9,93.25,93.8,94.25,97.35,8477,808577.55,01-NOV-2010,
EMMBI,EQ,19.25,19.75,19,19.3,19,19.2,23483,454841.35,01-NOV-2010,
EMPEESUG,EQ,65,66.45,58.5,65.85,66.45,61.6,209341,13437413.95,01-NOV-2010,
ENERGYDEV,BE,65.6,67.4,65.5,66.6,66.9,65.3,2126,141167.75,01-NOV-2010,
ENGINERSIN,EQ,348,354.3,346.1,353.05,352.95,345.25,100328,35274068.8,01-NOV-2010,
ENIL,EQ,224,230,222.15,224,224,222.6,113004,25921007.2,01-NOV-2010,
ENKEI,EQ,103.9,108.9,103,103,103,103.7,1204,127412,01-NOV-2010,
ENTEGRA,EQ,36.85,38.35,36.85,37.2,37.25,36.5,51129,1914089.65,01-NOV-2010,
ERAINFRA,EQ,223.5,230.3,223.5,229.7,229.95,222.45,181039,41262877.95,01-NOV-2010,
EROSMEDIA,EQ,183.2,191.65,182.55,188.75,188.7,181.75,837311,157287243.5,01-NOV-2010,
ESABINDIA,EQ,560,565,547.05,548.6,548.05,559.35,6698,3697071.35,01-NOV-2010,
ESCORTS,EQ,222.95,234,220.75,229.7,229,220.7,1200778,275543656.7,01-NOV-2010,
ESL,EQ,10.9,10.95,10.75,10.85,10.85,10.85,3735893,40582843.35,01-NOV-2010,
ESSAROIL,EQ,149.5,154.3,147.5,153,152.85,147.2,8713255,1323588018.55,01-NOV-2010,
ESSARSHIP,BE,113,113.5,108.65,110.4,110.5,108.6,31136,3441608.2,01-NOV-2010,
ESSDEE,EQ,485,494.2,477.6,484.8,485,474.65,24575,11951913.3,01-NOV-2010,
ESSELPACK,EQ,52.6,55.9,52.25,55.15,55.75,51.75,1378695,74904151.1,01-NOV-2010,
EUROCERA,EQ,50.05,51.85,49.55,51.2,51,50.05,14845,754062.3,01-NOV-2010,
EUROMULTI,EQ,27.2,28.15,26.8,27.45,27.45,27.6,24862,680017.8,01-NOV-2010,
EUROTEXIND,EQ,41,41,39.85,40.05,39.9,40.1,3992,160850.25,01-NOV-2010,
EVEREADY,EQ,68.9,69.5,65.85,66.45,66.5,67.9,193888,13069741.35,01-NOV-2010,
EVERESTIND,EQ,230,231.6,226,227.95,228.15,228.6,6248,1425967.15,01-NOV-2010,
EVERONN,EQ,669.9,682,655.65,676.6,680,660.9,108185,72551429,01-NOV-2010,
EVINIX,EQ,2.95,2.95,2.85,2.85,2.85,2.85,172016,493799.6,01-NOV-2010,
EXCELCROP,EQ,321.85,323,316,317.3,319,315,63453,20243436.85,01-NOV-2010,
EXCELINDUS,EQ,118,119.7,108,109.05,108,117.45,42431,4741566.05,01-NOV-2010,
EXCELINFO,EQ,50,50,48,48.75,48.75,48.7,40200,1973779.7,01-NOV-2010,
EXIDEIND,EQ,156.2,158.45,154.75,157.15,158.2,154.9,1372983,214757675.4,01-NOV-2010,
FACT,EQ,48.25,48.75,48,48.3,48.3,47.7,48320,2338405.7,01-NOV-2010,
FAGBEARING,EQ,919,928,900,902.15,901,910.6,2214,2013282,01-NOV-2010,
FAME,EQ,77.8,77.8,76.15,76.5,76.5,77.3,2539,194531.05,01-NOV-2010,
FARMAXIND,EQ,35.9,36.9,35.2,36,35.65,35.1,1797393,64763351.4,01-NOV-2010,
FCH,BE,240.05,245,240.05,243.2,243.75,239.75,13451,3270513.55,01-NOV-2010,
FCSSOFT,EQ,2,2,1.95,1.95,1.95,1.95,4725835,9311170.75,01-NOV-2010,
FDC,EQ,105,107.55,104.1,104.9,105.65,103.95,95153,10002327.1,01-NOV-2010,
FEDDERLOYD,EQ,104.95,109.8,99.5,99.9,99.75,103.3,95480,9629527.4,01-NOV-2010,
FEDERALBNK,EQ,475.7,494.6,467.6,490.2,490.8,472,1526997,732272671.6,01-NOV-2010,
FIEMIND,EQ,216.8,216.8,201.1,202.4,201.3,212.25,127973,26364531.15,01-NOV-2010,
FINANTECH,EQ,994.85,1018,987,999.55,1000,982.35,172608,173304110.1,01-NOV-2010,
FINCABLES,EQ,59.45,59.8,58.05,58.7,58.4,58.8,237520,13963184.1,01-NOV-2010,
FINPIPE,EQ,116.35,117.75,114,114.5,114.5,116.25,204925,23563124.3,01-NOV-2010,
FIRSTLEASE,EQ,83.7,86.95,80.35,84.8,84.7,82.95,133692,11330368.5,01-NOV-2010,
FIRSTWIN,BE,28.55,30.6,28.55,29.05,29,29.1,1559,46545.4,01-NOV-2010,
FKONCO,EQ,126.55,136.6,126.55,130.8,131.8,127.75,30498,4058835.5,01-NOV-2010,
FMGOETZE,EQ,174.05,179.95,174.05,177.2,177.2,174.85,6044,1074081.6,01-NOV-2010,
FORTIS,EQ,161.25,163.9,160,163.35,163.8,160.2,602689,98067336.4,01-NOV-2010,
FOSECOIND,EQ,461,463.75,457,462.7,457,469,275,126994.65,01-NOV-2010,
FOURSOFT,EQ,21.1,21.7,21.1,21.55,21.5,21.1,18710,401603.25,01-NOV-2010,
FSL,EQ,27.5,28,27.35,27.45,27.5,27.2,1170775,32173168.45,01-NOV-2010,
FTCPOF5YGR,EQ,12.7,12.7,12.7,12.7,12.7,11.7,1,12.7,01-NOV-2010,
FTCSF5YDIV,EQ,11.4,11.4,11.35,11.35,11.35,11.35,6050,68767.5,01-NOV-2010,
FTCSF5YGRO,EQ,12.6,12.65,12.6,12.65,12.65,12.65,2200,27820,01-NOV-2010,
GABRIEL,EQ,69.45,70.4,67.3,69.95,70.2,67.55,138065,9584033.4,01-NOV-2010,
GAEL,EQ,43.05,44.5,42.3,42.7,42.55,42.7,219175,9501584.6,01-NOV-2010,
GAIL,EQ,493.1,498.25,486.4,492.25,494.5,491.55,1328307,654180587.6,01-NOV-2010,
GAL,EQ,78.65,81,74.35,75.05,74.75,77.8,2613139,202291609.8,01-NOV-2010,
GALLANTT,EQ,28.1,28.4,27.4,27.55,27.8,27.95,12076,335076.7,01-NOV-2010,
GALLISPAT,EQ,53,53.25,52.1,52.6,52.1,52.7,90031,4749949.25,01-NOV-2010,
GAMMNINFRA,EQ,23.5,23.6,23.1,23.2,23.3,23.05,99893,2330538.15,01-NOV-2010,
GAMMONIND,EQ,207,209.5,198.2,198.95,198.95,205.75,48253,9723395.7,01-NOV-2010,
GANDHITUBE,EQ,125,128.9,122.6,127.1,128,127.15,804,102743.9,01-NOV-2010,
GANESHHOUC,EQ,254.5,254.5,245.25,252.55,254,243.15,13460,3381433.25,01-NOV-2010,
GANGOTRI,EQ,9.25,9.35,8.25,8.85,8.9,8.75,14768,130424.45,01-NOV-2010,
GARDENSILK,EQ,134.95,136.4,131,133.55,133.5,130.85,101603,13618274.85,01-NOV-2010,
GARWALLROP,EQ,80,81.45,79.3,80,80.8,78.75,8631,694430.1,01-NOV-2010,
GARWOFFS,EQ,139,139,132.25,133.45,134,132.35,4112,551037.25,01-NOV-2010,
GATI,EQ,72.35,73.5,71.5,72.55,72.7,71,126987,9247287.1,01-NOV-2010,
GDL,EQ,110.3,114,109.5,112.3,112,111.25,1060443,119052918.45,01-NOV-2010,
GEECEE,EQ,61.75,63.35,60.05,62.05,61.25,62.8,5742,352777.2,01-NOV-2010,
GEINDSYS,EQ,208,209.95,200,202.05,205,205.85,37029,7512166.95,01-NOV-2010,
GEMINI,BE,31,31.25,29,30.95,31,30.3,32780,991686,01-NOV-2010,
GENESYS,EQ,269.1,293.8,267.05,286.9,290,258.75,1018024,279824058.45,01-NOV-2010,
GENUSPOWER,EQ,23.65,24.45,23.65,24.05,24.15,23.15,157247,3774253.2,01-NOV-2010,
GEODESIC,EQ,117.6,122.75,117.05,121.25,121.8,116.9,262592,31778670.35,01-NOV-2010,
GEOJITBNPP,EQ,35,37.7,35,37.05,37.3,35.15,485003,17734682.25,01-NOV-2010,
GEOMETRIC,EQ,67,68.1,66.5,66.95,67.2,66.55,49186,3305832.8,01-NOV-2010,
GESHIP,EQ,321,331,321,327.6,328.7,317.55,433778,141783307.45,01-NOV-2010,
GHCL,EQ,47.9,48.75,47.65,47.75,47.85,47.85,232667,11139808.6,01-NOV-2010,
GICHSGFIN,EQ,150.25,154.5,149.25,150,150,149.9,131782,19934235.25,01-NOV-2010,
GILLANDERS,EQ,125.9,126,122.5,122.75,122.85,122.7,14842,1850983.55,01-NOV-2010,
GILLETTE,EQ,1912,1935,1890,1919.75,1930,1902.1,4572,8741822.2,01-NOV-2010,
GINNIFILA,EQ,16.2,16.4,15.65,15.9,15.7,15.65,42030,675738.75,01-NOV-2010,
GIPCL,EQ,115,115.65,112.6,113.1,113,114.7,22406,2554221.4,01-NOV-2010,
GISOLUTION,EQ,22,24,21.5,23.55,24,20.7,25147,573612.1,01-NOV-2010,
GITANJALI,EQ,298,306.4,295.2,302.95,302.35,296.45,1286855,389614284.95,01-NOV-2010,
GKB,EQ,51,54.75,51,54.25,54,51.2,2510,134621,01-NOV-2010,
GKWLIMITED,EQ,604.3,659,597.2,598.85,598,597.8,983,588252.7,01-NOV-2010,
GLAXO,EQ,2212,2245,2190,2199.05,2199.9,2222.45,26056,57393950.15,01-NOV-2010,
GLENMARK,EQ,345,353,338.65,350,352.5,338.6,1564884,539172523.8,01-NOV-2010,
GLFL,BE,4.75,5,4.65,4.65,4.65,4.75,16944,83118.95,01-NOV-2010,
GLOBALVECT,EQ,45.45,45.55,44.55,44.85,45.35,45.7,2195,98992.25,01-NOV-2010,
GLOBUSSPR,EQ,163,165.45,160.2,161.2,160.3,159.5,56718,9197567.3,01-NOV-2010,
GLODYNE,EQ,1120,1132.9,1110.1,1119.45,1118.85,1116.25,64044,72042079,01-NOV-2010,
GLORY,EQ,12.6,13.1,12.15,12.35,12.25,11.9,7653247,96682284.75,01-NOV-2010,
GMBREW,BE,105.35,105.35,105.35,105.35,105.35,100.3,2475,260741.25,01-NOV-2010,
GMDCLTD,EQ,137.5,140.4,137.2,139,139.1,135.15,617786,86002424.8,01-NOV-2010,
GMRINDS,BE,147,150,144.7,149.7,150,148.7,11370,1675354.65,01-NOV-2010,
GMRINFRA,EQ,54,54.3,53.65,53.9,53.9,53.5,2203633,118883643.55,01-NOV-2010,
GNFC,EQ,126.3,130.9,126.3,128.05,128.35,124.5,104778,13487344.4,01-NOV-2010,
GOACARBON,EQ,101.9,102.8,100.3,100.9,100.3,99.85,10629,1076662.25,01-NOV-2010,
GODFRYPHLP,EQ,1760,1819.9,1725,1756.2,1750,1699.9,12199,21323603.6,01-NOV-2010,
GODREJCP,EQ,426,428.4,415.5,424.1,424,419.95,338074,143035962,01-NOV-2010,
GODREJIND,EQ,216.75,224,215.2,222.3,221.8,213.2,698151,153872591.75,01-NOV-2010,
GODREJPROP,EQ,625.55,739.7,625.55,713.8,715.75,728.6,14659,10586619.85,01-NOV-2010,
GOENKA,EQ,93.95,96,93.4,94.75,95,92.45,54618,5180829.55,01-NOV-2010,
GOKEX,EQ,143.9,143.9,132.6,134.15,136.5,136.7,8215,1103062.2,01-NOV-2010,
GOKUL,EQ,99.8,101.8,99.15,100.05,100.1,98,92488,9264853.05,01-NOV-2010,
GOLDBEES,EQ,1914,1939.35,1911.05,1936.2,1935,1895.05,92017,177744412.9,01-NOV-2010,
GOLDENTOBC,EQ,88,88.8,86.7,87.7,88,87.4,8472,743346.55,01-NOV-2010,
GOLDIAM,BE,46.55,48.7,46.55,47.95,48.5,47.5,3880,184438.25,01-NOV-2010,
GOLDINFRA,EQ,21.95,22,21.35,21.55,21.5,21.5,16077,349219.6,01-NOV-2010,
GOLDSHARE,EQ,1916.55,1934.7,1908.3,1932.4,1932,1893.55,6117,11793195.15,01-NOV-2010,
GOLDTECH,EQ,19.6,20,19.5,19.65,19.55,19.6,40921,805550.65,01-NOV-2010,
GPIL,EQ,205.3,209,200,202.15,204,201.45,90192,18435531.3,01-NOV-2010,
GPPL,EQ,60.5,62,60.1,61.85,61.8,60.1,1619428,99312812.25,01-NOV-2010,
GRABALALK,EQ,49,51.4,48.9,50.2,49.55,48.85,7098,355772.8,01-NOV-2010,
GRANULES,EQ,95.4,97.4,94.55,95.35,96,95.75,151391,14432846.4,01-NOV-2010,
GRAPHITE,EQ,93.55,95.6,92,94.85,95,93.7,135084,12644836.2,01-NOV-2010,
GRASIM,EQ,2245,2338,2245,2322.2,2323.45,2240.5,158816,367253955.9,01-NOV-2010,
GREAVESCOT,EQ,520,520,470,470.35,470.5,470.35,14430,6813334.9,01-NOV-2010,
GREENPLY,EQ,193,196,192,193.65,193.85,192.4,4417,857492.8,01-NOV-2010,
GREENPOWER,EQ,40.2,40.65,39.6,39.75,39.6,39.8,82162,3295633,01-NOV-2010,
GRINDWELL,EQ,229,229.1,214,218.55,219.9,230.5,65390,14238128.4,01-NOV-2010,
GRUH,EQ,407.1,415,404,406.55,408.75,407.1,359036,147545731.45,01-NOV-2010,
GSFC,EQ,361.25,375.2,361.1,364.5,367,360.2,119235,44025063.85,01-NOV-2010,
GSKCONS,EQ,2246,2246,2180,2197.95,2200,2193.25,7751,17155051,01-NOV-2010,
GSLNOVA,EQ,6.95,7.05,6.9,6.95,6.95,7,8998,62537.95,01-NOV-2010,
GSPL,EQ,113.7,115.4,112.7,114.65,115.25,112.55,2220967,254422506.45,01-NOV-2010,
GSSAMERICA,EQ,372.4,377,368,368.85,368,365.9,27287,10171631.5,01-NOV-2010,
GTL,EQ,416.65,419.75,416.65,417.95,418.8,416.45,34569,14450753.7,01-NOV-2010,
GTLINFRA,EQ,44.75,45.3,44.5,44.65,44.7,44.75,360631,16142951.55,01-NOV-2010,
GTNIND,EQ,31.25,33.3,31.25,32.4,32.65,31.4,15739,516354,01-NOV-2010,
GTNTEX,EQ,16.7,19.25,16.7,18.75,18.75,18.3,9423,176313.9,01-NOV-2010,
GTOFFSHORE,EQ,377,385.7,377,378.55,378,376.85,29045,11061118.7,01-NOV-2010,
GUFICBIO,EQ,6.9,7.15,6.8,6.8,6.8,6.85,14488,100118.05,01-NOV-2010,
GUJALKALI,EQ,132.1,133.4,130,132,132.8,130.05,162927,21435182.55,01-NOV-2010,
GUJAPOLLO,EQ,214,216,206,209.5,210,214.85,30164,6339102.3,01-NOV-2010,
GUJFLUORO,EQ,185.5,186,178,178.6,179.5,184.15,110910,19997259.75,01-NOV-2010,
GUJNRECOKE,EQ,62.2,62.95,61.5,61.65,61.8,61.8,768135,47636315.1,01-NOV-2010,
GUJNREDVR,EQ,41.3,42.15,40.5,41.55,41.3,41.3,37234,1539214.85,01-NOV-2010,
GUJRATGAS,EQ,386,390,380.25,383.3,381,384.05,15051,5820686.05,01-NOV-2010,
GUJSIDHCEM,EQ,14.15,14.65,14.15,14.5,14.55,14.65,140952,2051157.15,01-NOV-2010,
GULFOILCOR,EQ,127.9,132.25,127.9,129.45,129.4,127.85,208411,27086715.7,01-NOV-2010,
GVKPIL,EQ,43.5,43.8,42.45,43.65,43.75,42.55,5307494,229746886.2,01-NOV-2010,
HALONIX,BE,113.45,113.75,108.55,113.75,113.75,108.3,3024,338134,01-NOV-2010,
HANUNG,EQ,365.7,369,353.15,359.4,358.55,362.5,182671,66429624.45,01-NOV-2010,
HARITASEAT,EQ,98.7,102,95.55,97.4,97.3,96.65,20691,2041759.1,01-NOV-2010,
HARRMALAYA,EQ,83.5,83.7,82.1,83.1,83,82.65,28090,2330605.3,01-NOV-2010,
HATHWAY,EQ,184.1,195.9,184.1,187.7,186,184.1,181089,34293913.75,01-NOV-2010,
HAVELLS,EQ,419.15,423,406.6,411.95,411,414.4,1170927,488148023.4,01-NOV-2010,
HBLPOWER,EQ,27.5,27.5,26.2,26.6,26.85,27.05,118395,3159094.25,01-NOV-2010,
HBSTOCK,EQ,25.75,26.75,25.75,26.25,26.75,25.5,3886,101418.85,01-NOV-2010,
HCC,EQ,62,62.75,61,61.35,61.3,61.1,2290590,140887750.75,01-NOV-2010,
HCIL,EQ,505,508,495.35,499.2,498.1,496.55,2503,1256355.6,01-NOV-2010,
HCL-INSYS,EQ,114.75,115.95,113.75,114.4,114.45,113.5,154021,17652323.9,01-NOV-2010,
HCLTECH,EQ,405.15,409,400,407.8,408,403.8,721194,292573565.4,01-NOV-2010,
HDFC,EQ,700,712.4,690.8,710.7,709.55,687.7,3721196,2618506160.45,01-NOV-2010,
HDFC,W1,174.95,179.95,174.05,179.45,179.95,169.3,35150,6201477.5,01-NOV-2010,
HDFCBANK,EQ,2298,2366,2285.05,2349.2,2350.2,2279.9,1013480,2373241303.8,01-NOV-2010,
HDFCMFGETF,EQ,1969.9,1973.65,1956.5,1969,1969.95,1944.7,3022,5940021.15,01-NOV-2010,
HDIL,EQ,254.4,255.1,249,254,254.2,247.5,2866722,724185060.65,01-NOV-2010,
HEG,EQ,274,278.4,272.1,273.1,273,272.1,29076,7954586.5,01-NOV-2010,
HEIDELBERG,EQ,46.85,47.25,46,46.4,46.35,45.8,123822,5751068.3,01-NOV-2010,
HELIOSMATH,EQ,40.6,41.7,40.15,41.15,41.05,40.5,16396,674766.55,01-NOV-2010,
HERCULES,EQ,331.3,337.9,328.25,329.8,329.75,333.4,19686,6557858.35,01-NOV-2010,
HERITGFOOD,BE,215,220,210,210.8,210,219.9,2283,486305,01-NOV-2010,
HEROHONDA,EQ,1841.6,1850,1815.55,1838.35,1845,1865.25,324812,595540597.3,01-NOV-2010,
HEXAWARE,EQ,89,89.6,87.15,87.55,87.5,87.75,616108,54213382.65,01-NOV-2010,
HGSL,EQ,392.2,400,391,398.1,393.15,391.45,1698,672905.45,01-NOV-2010,
HIKAL,EQ,431,431.05,422.1,424.5,426.5,430.05,2713,1159604.45,01-NOV-2010,
HILTON,EQ,20,20.2,19.65,19.8,19.9,19.9,11316,225863.35,01-NOV-2010,
HIMACHLFUT,EQ,11,11.2,10.8,10.85,10.85,10.8,960912,10500438.45,01-NOV-2010,
HIMATSEIDE,EQ,44.5,47,44.5,46,46.45,44.25,306934,14211744.65,01-NOV-2010,
HINDALCO,EQ,214.9,216.75,211.7,212.95,212.85,210.5,3685565,788978979.8,01-NOV-2010,
HINDCOMPOS,EQ,503,545,503,526.8,529.85,510.15,1166,608243.75,01-NOV-2010,
HINDCOPPER,EQ,435.5,436.85,428.1,433.05,431.9,429.6,79293,34293478.4,01-NOV-2010,
HINDDORROL,EQ,132,133.35,131.05,132.1,132.7,130.85,39391,5208172.2,01-NOV-2010,
HINDMOTOR,EQ,24.85,25.4,24.5,24.8,24.75,24.3,698744,17472620.4,01-NOV-2010,
HINDNATGLS,EQ,275.1,277,265,273.9,274,275.1,132450,36329692.3,01-NOV-2010,
HINDOILEXP,EQ,255.95,262.3,255.05,256.7,257.6,254.05,918216,237477515.05,01-NOV-2010,
HINDPETRO,EQ,495,499.4,489.55,495.55,495.8,487.3,950491,470590151.45,01-NOV-2010,
HINDSYNTEX,BE,6.35,6.35,6.3,6.3,6.35,6.6,202,1282.65,01-NOV-2010,
HINDUJAFO,EQ,128,131.8,125,125.6,125,126.6,866,111274.05,01-NOV-2010,
HINDUJAVEN,EQ,448.45,465,448.45,459,462,448.45,15405,7072445.75,01-NOV-2010,
HINDUNILVR,EQ,296,299,293.25,294.55,294.3,294.7,1758922,521688025.9,01-NOV-2010,
HINDZINC,EQ,1240.15,1273,1235.25,1265.05,1265,1234.95,79822,100223353,01-NOV-2010,
HIRECT,EQ,72,72.8,68.7,71.05,70.6,68.9,8127,571574.3,01-NOV-2010,
HITACHIHOM,EQ,287.3,298.95,265.6,273,274,300.05,146836,40355530.6,01-NOV-2010,
HITECHGEAR,EQ,264,264,257.2,258.65,259.9,251.9,3316,863890.25,01-NOV-2010,
HITECHPLAS,EQ,131.5,131.5,119,120.35,119,119.1,4353,533849.15,01-NOV-2010,
HMT,EQ,70.65,72.35,70.65,71.35,71.2,70.6,117934,8411365.7,01-NOV-2010,
HMVL,EQ,181,181,177,179.75,179,175.6,1687,301807.6,01-NOV-2010,
HNGSNGBEES,EQ,1356,1362.4,1337,1337,1337,1336.85,230,312804.92,01-NOV-2010,
HOCL,EQ,46,47.5,45.1,45.4,45.4,45.75,170585,7856777.15,01-NOV-2010,
HONAUT,EQ,2520,2540,2480,2503.7,2492.05,2518.2,1406,3532577.5,01-NOV-2010,
HONDAPOWER,EQ,580.1,586.95,536.8,539.55,540,575.2,17717,9919987.65,01-NOV-2010,
HOPFL,BE,76,79,75.55,75.65,76.95,75.3,3886,297588.2,01-NOV-2010,
HORIZONINF,BE,256,258,249.25,250.1,249.25,249.7,2237,563286.9,01-NOV-2010,
HOTELEELA,EQ,52.5,52.9,50.65,52.25,52.15,51.6,588404,30473910.15,01-NOV-2010,
HOTELRUGBY,BE,10.35,11,10.35,10.55,10.55,10.6,6142,66432.1,01-NOV-2010,
HOVS,EQ,144.7,146.9,143.65,144.45,144.8,143.75,36592,5307247.3,01-NOV-2010,
HSIL,EQ,139.9,142.5,138.5,141.4,141,140.5,63928,8975539.3,01-NOV-2010,
HTMEDIA,EQ,162.85,166,157.75,163.05,163.05,159.4,74581,11949408.95,01-NOV-2010,
HYDRBADIND,EQ,567.95,577,560,561.5,563,563.45,36034,20468568.45,01-NOV-2010,
HYDROS&S,EQ,32.9,33.6,32.55,32.55,32.55,33.25,1775,58087.55,01-NOV-2010,
IBN18,EQ,115.5,117.8,114.05,114.85,114.15,117.35,8241,950876.25,01-NOV-2010,
IBPOW,EQ,28.05,28.4,27.6,27.95,27.85,27.75,634121,17709669.3,01-NOV-2010,
IBREALEST,EQ,194.05,201.25,193.5,200.05,200.4,191.4,3872420,767674741.25,01-NOV-2010,
IBSEC,EQ,27.2,27.95,26.5,27.3,27.2,26.95,911031,24936206.85,01-NOV-2010,
ICICIBANK,EQ,1186.25,1244,1186,1232,1235.5,1163,9525228,11674647786.3,01-NOV-2010,
ICIL,BE,20.45,20.45,20.45,20.45,20.45,21.5,2000,40900,01-NOV-2010,
ICRA,EQ,1363.5,1394,1353,1375.25,1380,1371.1,1726,2373162.05,01-NOV-2010,
ICSA,EQ,131,133.1,130.6,132.15,132.1,129.65,313855,41512419.35,01-NOV-2010,
IDBI,EQ,182.8,184.3,180.8,181.45,181.05,180.6,5409234,985809574.1,01-NOV-2010,
IDEA,EQ,67.75,69.8,67.75,68.65,68.5,67.45,4045791,278573145.75,01-NOV-2010,
IDFC,EQ,202.5,204,201,202.4,202.5,200.05,2272813,459921475.45,01-NOV-2010,
IFBAGRO,EQ,98,99.65,95.1,96.3,96.25,95.8,50766,4969180,01-NOV-2010,
IFBIND,EQ,164,165,158.55,159.95,160.5,162.05,35223,5703543.75,01-NOV-2010,
IFCI,EQ,70,72.2,69.6,71.85,71.95,69.15,12743852,909774495.15,01-NOV-2010,
IFGLREFRAC,EQ,50.9,52.25,50.2,51.1,51,50.9,16697,853129.7,01-NOV-2010,
IGARASHI,EQ,90,90,86.6,88,88,88,24990,2214572.6,01-NOV-2010,
IGL,EQ,332.8,333.9,323.2,325.75,326.25,328.85,92277,30374900.35,01-NOV-2010,
IGPL,EQ,42.5,43.7,42.35,43,43,42.15,1619,69915.75,01-NOV-2010,
IITL,BE,210,210,210,210,210,200,253,53130,01-NOV-2010,
IL&FSTRANS,EQ,314.4,321.8,312.9,320,320.6,312.05,62073,19782232.25,01-NOV-2010,
IMFA,EQ,766.9,774.9,732.3,742.55,743,747.7,11242,8488729.7,01-NOV-2010,
IMPAL,EQ,717,726,703,709.35,707.5,713.15,689,491095.25,01-NOV-2010,
IMPEXFERRO,EQ,12.75,12.75,12.05,12.2,12.2,12.25,7609,93471.35,01-NOV-2010,
INDBANK,EQ,22.05,22.05,20.55,20.75,20.75,21.7,424922,8987070.8,01-NOV-2010,
INDHOTEL,EQ,100.1,101.5,99.8,100.95,100.55,100.1,547343,55050443.05,01-NOV-2010,
INDHOTEL,N4,99.3,100.7,99.3,100.7,100.7,100.17,1250,124998.7,01-NOV-2010,
INDIABULLS,EQ,218.65,241.4,216.25,231.7,231.65,220.6,5058141,1168035192.4,01-NOV-2010,
INDIACEM,EQ,111.4,113.6,111.1,113.05,113.2,110.1,512978,57792036.65,01-NOV-2010,
INDIAGLYCO,EQ,185.25,190.7,184.5,187.3,187.35,179.15,352023,65912287.9,01-NOV-2010,
INDIAINFO,EQ,117.3,120.95,117,119.35,119.6,116.7,1076996,128686392.1,01-NOV-2010,
INDIANB,EQ,296.95,296.95,287.5,291.95,290.5,291.8,930414,272809561.6,01-NOV-2010,
INDIANCARD,EQ,151,154,150,151.75,151.95,150.8,6165,933046.75,01-NOV-2010,
INDIANHUME,EQ,180,180,171,171.55,171,172.8,16318,2838575,01-NOV-2010,
INDLMETER,EQ,89,93.6,88,90.35,90.5,89.8,2141,191983.8,01-NOV-2010,
INDNIPPON,EQ,290,290,267.15,275.95,277.95,276.8,7665,2116567.8,01-NOV-2010,
INDOASIFU,BE,93,93,90.4,91.9,91.5,91.4,46562,4263632.2,01-NOV-2010,
INDOCO,EQ,504,510.9,503,507.7,508.95,501.75,8537,4320254.8,01-NOV-2010,
INDORAMA,EQ,68.45,71,67.85,70.4,70.8,67.45,159859,11145219.15,01-NOV-2010,
INDOSOLAR,EQ,24.4,25.9,23.6,25.65,25.75,24.2,12238020,300880141.8,01-NOV-2010,
INDOTECH,EQ,225.3,242.3,225.3,235.05,232,224.45,75319,17734372.7,01-NOV-2010,
INDOWIND,EQ,35.4,35.65,33.6,34,34.15,34.95,215415,7436381.9,01-NOV-2010,
INDRAMEDCO,EQ,45.7,45.7,44.6,44.85,45,44.4,36140,1620540.8,01-NOV-2010,
INDSWFTLAB,EQ,146.9,149.8,144.75,147.55,148.15,145.75,153707,22716981.85,01-NOV-2010,
INDSWFTLTD,EQ,43.8,43.85,42.3,42.5,42.4,42.75,36900,1583588.25,01-NOV-2010,
INDUSFILA,BE,30.3,32.35,30.3,30.9,32.1,31.85,30625,967220.55,01-NOV-2010,
INDUSINDBK,EQ,268.4,293.3,266.35,285.95,283.2,263.6,2250710,634288882.55,01-NOV-2010,
INEABS,EQ,384.7,389,378.1,381.95,381.2,377.05,3539,1354807.6,01-NOV-2010,
INFINITE,EQ,163.15,166.25,156.55,158.35,158.85,161.6,78140,12678523.2,01-NOV-2010,
INFODRIVE,EQ,22.45,23.55,22.45,23.2,23.2,22.8,3128,71587.2,01-NOV-2010,
INFOMEDIA,EQ,26,26.4,26,26.05,26.05,26,19892,520677.7,01-NOV-2010,
INFOSYSTCH,EQ,2983,3031.95,2983,3001.65,2998.05,2971.7,569118,1716118068.5,01-NOV-2010,
INFOTECENT,EQ,161.15,165,160.05,160.45,160.9,163.6,7856,1270527.05,01-NOV-2010,
INFRABEES,EQ,365.99,366,365,365.5,365.5,358.85,365,133545.85,01-NOV-2010,
INGERRAND,EQ,495,498.8,482,489.45,490,488.6,16027,7840248.75,01-NOV-2010,
INGVYSYABK,EQ,412,444,408.05,437.85,436,403.95,536783,231228767.6,01-NOV-2010,
INGVYSYABK,IL,450,450,450,450,0.0,342.75,6046,2720700,01-NOV-2010,
INOXLEISUR,EQ,73,73.4,72,72.35,72.2,72.35,105064,7622231.25,01-NOV-2010,
INSECTICID,EQ,224.8,229.4,222.4,224.75,225.6,222.4,71106,16034548.4,01-NOV-2010,
IOB,EQ,161.6,164.45,158.1,162.35,162.1,159.8,1248391,202285661.55,01-NOV-2010,
IOC,EQ,420,427.9,419.95,422.9,422.65,418.05,647753,274678271.75,01-NOV-2010,
IOLN,EQ,13.05,13.35,12.75,12.95,12.9,13.25,20479,267026.15,01-NOV-2010,
IPCALAB,EQ,330.9,331.9,318,322.15,322.25,325.75,165013,52994860.35,01-NOV-2010,
IPGETF,EQ,1970,1980,1950.7,1970.05,1965.5,1944.15,1416,2787565.55,01-NOV-2010,
IPRINGLTD,EQ,109,113.85,103,107.05,107.05,107.85,387,42515.6,01-NOV-2010,
IRB,EQ,261.25,264.75,258.05,259.25,259,259.85,562134,147216036.8,01-NOV-2010,
ISFT,EQ,96.3,102,96.3,99.75,99.35,98,17742,1778172.75,01-NOV-2010,
ISMTLTD,EQ,52,52.85,51.5,52.35,52.8,51.65,57477,2998887.5,01-NOV-2010,
ISPATIND,EQ,19.8,20.25,19.75,20.1,20.15,19.6,6718938,134642121.15,01-NOV-2010,
ISPATIND,P1,2.6,2.7,2.55,2.6,2.55,2.6,24231,63317.3,01-NOV-2010,
ITC,EQ,172.5,173.5,170.85,171.85,172,171.2,8534363,1471167959.1,01-NOV-2010,
ITDCEM,EQ,251.75,251.75,242.25,242.6,243,242.9,540,132026.95,01-NOV-2010,
ITI,EQ,42.5,42.6,41.9,42.3,42.55,41.9,112842,4767942.35,01-NOV-2010,
IVC,EQ,48.9,51.45,48.5,49.75,49.85,48.9,734570,36897760.15,01-NOV-2010,
IVP,EQ,53.7,54.5,53.1,53.9,53.9,53.25,1687,90512.95,01-NOV-2010,
IVRCLAH,EQ,115.5,115.5,110.05,111.5,111.4,112.35,16537,1856719.95,01-NOV-2010,
IVRCLINFRA,EQ,153,155.5,152,153.3,153.3,149.35,1044540,160052493.55,01-NOV-2010,
J&KBANK,EQ,924,929.35,900.2,915.2,913,910.45,129668,118923664.65,01-NOV-2010,
JAGRAN,EQ,133,133.85,128.2,128.7,128.5,132.75,173309,22385489,01-NOV-2010,
JAGSNPHARM,EQ,29,29,25.2,25.75,25.55,25.45,13455,351464.45,01-NOV-2010,
JAIBALAJI,EQ,318.2,318.2,308.5,311.3,309.1,312.9,41519,13031107.2,01-NOV-2010,
JAICORPLTD,EQ,246.7,247.5,243.8,245.3,245.55,243.25,131502,32285154.65,01-NOV-2010,
JAINSTUDIO,EQ,11,11.5,10.65,11.35,11.45,11.3,8729,98010.45,01-NOV-2010,
JAYAGROGN,EQ,145.05,148.65,143.25,144.7,144.9,144.85,49737,7256622.1,01-NOV-2010,
JAYBARMARU,EQ,109.8,110,106.5,108.1,109.35,106.3,28771,3125335.8,01-NOV-2010,
JAYNECOIND,EQ,34,34.35,33.5,33.9,33.7,33.75,206435,7004571.85,01-NOV-2010,
JAYSREETEA,EQ,191.25,192,187.5,188.95,191.35,189.7,75902,14441213,01-NOV-2010,
JBCHEPHARM,EQ,123,129.5,122.75,128.15,128.35,121.85,396337,50310757.75,01-NOV-2010,
JBFIND,EQ,218.1,220.5,210.2,210.75,210.85,214.1,1487374,317957015.85,01-NOV-2010,
JBMA,EQ,88.05,90,88.05,88.3,88.3,87.35,6408,569602.75,01-NOV-2010,
JCTEL,BE,1.95,2,1.95,1.95,1.95,2,86230,168586.05,01-NOV-2010,
JDORGOCHEM,EQ,3.7,3.7,3.65,3.65,3.65,3.8,842,3083.3,01-NOV-2010,
JENSONICOL,EQ,5.7,5.9,5.65,5.8,5.8,5.8,14118,82300,01-NOV-2010,
JETAIRWAYS,EQ,824.95,830.8,805,812,810.1,809.9,703866,577154651.8,01-NOV-2010,
JEYPORE,EQ,185.05,188.05,176.6,178,178,178.2,14,2498.1,01-NOV-2010,
JHS,EQ,116.1,124.75,116.1,123.8,123.65,116.7,144142,17534912,01-NOV-2010,
JIKIND,EQ,15.25,15.85,14.7,15.55,15.35,15.35,41171,638463.25,01-NOV-2010,
JINDALPHOT,EQ,241,252,241,245.15,245,243.2,57181,14155114.15,01-NOV-2010,
JINDALPOLY,EQ,634.5,651,606.6,632.9,633.5,626.05,1307103,830201297.5,01-NOV-2010,
JINDALSAW,EQ,222,222,217.85,219.15,219.5,217.45,349026,76559875.5,01-NOV-2010,
JINDALSTEL,EQ,707,707,696.2,705.75,706.05,697.55,375736,264312761.4,01-NOV-2010,
JINDALSWHL,EQ,2024,2058,2009,2043.4,2046,1994.9,51348,104097738.4,01-NOV-2010,
JINDCOT,EQ,140.05,143.5,140.05,142.15,142,140.5,38448,5478389.35,01-NOV-2010,
JINDRILL,EQ,563.7,575,555.55,563.4,563.35,556,75805,42984918.35,01-NOV-2010,
JISLJALEQS,EQ,235.9,239.8,232,235.05,235.05,232,257602,60755600.7,01-NOV-2010,
JKCEMENT,EQ,173,173,165,165.6,165.6,173.7,70398,11735556.25,01-NOV-2010,
JKIL,EQ,245,248.85,240,247.3,246,245.1,55041,13438579.65,01-NOV-2010,
JKLAKSHMI,EQ,62,62,61.1,61.4,61.2,61.4,73551,4518409.6,01-NOV-2010,
JKPAPER,EQ,72.5,74.4,71,71.85,72,73,327485,23723410.45,01-NOV-2010,
JKTYRE,EQ,164.55,166.5,160,160.45,160.35,163.5,301334,49016597.55,01-NOV-2010,
JMCPROJECT,EQ,202.05,208.35,200.1,207.15,207.85,201.7,21943,4495379.3,01-NOV-2010,
JMFINANCIL,EQ,39.45,39.45,38.15,38.5,38.4,38.8,1551092,59993445.95,01-NOV-2010,
JMTAUTOLTD,EQ,92.5,94.95,90.7,92.9,94.85,91.1,862,79612.85,01-NOV-2010,
JOCIL,EQ,389.05,389.05,370,371.2,372,380.95,8466,3162248.3,01-NOV-2010,
JPASSOCIAT,EQ,122.9,125.9,122.9,124.6,124.75,120.25,9440169,1178002931.6,01-NOV-2010,
JPINFRATEC,EQ,92,94.8,88.55,89.2,88.9,89.75,1053280,96048918.75,01-NOV-2010,
JPPOWER,EQ,63.8,64.8,63.1,64.15,64.2,62.45,481510,30867456.65,01-NOV-2010,
JSL,EQ,123,123.5,120.5,121.9,123.5,122.7,45729,5579215.8,01-NOV-2010,
JSWENERGY,EQ,121.7,124.5,118.4,119.55,119.4,119.3,2434460,296357717.35,01-NOV-2010,
JSWSTEEL,EQ,1349.95,1362,1327.2,1344,1341,1341.95,533047,712840515.5,01-NOV-2010,
JUBILANT,EQ,315.6,318.8,310,311.85,312,313.25,34488,10841713.95,01-NOV-2010,
JUBLFOOD,EQ,515.5,542.95,511.1,535.1,534.2,512.3,912320,484598220.6,01-NOV-2010,
JUMBO,EQ,51.5,51.5,47.05,47.6,47.05,49.8,14486,698991.9,01-NOV-2010,
JUNIORBEES,EQ,126,133.1,126,132.52,133.1,130.83,34669,4587683.59,01-NOV-2010,
JUPITER,EQ,76.3,76.75,74.8,75.3,75.4,75.7,406768,30794293.3,01-NOV-2010,
JYOTHYLAB,EQ,281.75,292.05,281,284.15,284,276,88467,25265394.3,01-NOV-2010,
JYOTISTRUC,EQ,133.2,136.4,132.8,135.65,136.4,132.7,252077,34101504.65,01-NOV-2010,
KABRAEXTRU,EQ,83,83.45,81,82.55,82.75,80.45,11964,977861.75,01-NOV-2010,
KAJARIACER,EQ,74.1,76.25,74.1,75.35,75.5,74.8,104876,7933796.45,01-NOV-2010,
KAKATCEM,EQ,78.4,80.95,78.4,79.25,79.2,79.6,3452,274428.2,01-NOV-2010,
KALECONSUL,EQ,149.2,150,147.35,149.3,150,149.05,89392,13341515.4,01-NOV-2010,
KALINDEE,EQ,170,171.9,169.75,170.5,170.1,169.8,95724,16345232.7,01-NOV-2010,
KALPATPOWR,EQ,175.1,175.95,170.3,170.95,170.7,174.45,109976,19006468.55,01-NOV-2010,
KALYANIFRG,BE,194.95,194.95,192,192,192,190,23,4477.95,01-NOV-2010,
KAMATHOTEL,EQ,127,135.5,127,133.75,134.2,126.25,80156,10696942.3,01-NOV-2010,
KANDAGIRI,EQ,122,127.9,122,125.8,126,113.8,3523,437234.45,01-NOV-2010,
KANORICHEM,EQ,32.8,33,32.4,32.7,32.55,32.65,14277,465826.1,01-NOV-2010,
KANSAINER,EQ,900,900,886.05,892.8,896.9,893.7,10580,9417171.25,01-NOV-2010,
KARURKCP,EQ,68.5,68.75,67.25,67.55,67.5,68.95,1093,74252.05,01-NOV-2010,
KARURVYSYA,EQ,535,543,528,532.7,532.7,533.1,106630,56857505.9,01-NOV-2010,
KAUSHALYA,EQ,18.65,19.45,18.1,18.75,18.7,19.05,18185,343639.95,01-NOV-2010,
KAVVERITEL,EQ,144.5,149.9,142.9,143.7,143.1,143.7,68714,9998173.7,01-NOV-2010,
KCP,EQ,31.5,32,29.5,31.3,31.6,30,28650,885453.7,01-NOV-2010,
KCPSUGIND,EQ,19.7,20,19.65,19.85,19.9,19.8,32023,634191.35,01-NOV-2010,
KEC,EQ,491,498.5,486,494.9,495.9,487.9,17605,8668200.1,01-NOV-2010,
KECL,BE,83.3,83.3,79.5,79.65,79.5,79.3,1107,89054.1,01-NOV-2010,
KEI,EQ,35.3,36,35.3,35.5,35.45,35.15,80736,2873780.5,01-NOV-2010,
KEMROCK,EQ,660.1,692.8,660.1,677.7,678.2,652.35,65726,44645859.2,01-NOV-2010,
KERNEX,BE,154.8,157,148.1,150.75,150,150.9,12503,1886263.3,01-NOV-2010,
KESARENT,EQ,66,66,64.45,65,65,64.65,1447,94038.3,01-NOV-2010,
KESORAMIND,EQ,300,311.6,299,307.15,306.95,297.5,49427,15195825.55,01-NOV-2010,
KEYCORPSER,EQ,68.55,68.55,62.05,62.05,62.05,62.3,59,3888.45,01-NOV-2010,
KFA,EQ,77,78.1,76.35,77.8,77.55,76.1,1859755,144236097.45,01-NOV-2010,
KGL,EQ,35.3,35.4,32.3,34.85,34.8,34.9,4000276,140091183.8,01-NOV-2010,
KHAITANELE,BE,199,202,193,193.95,193,199.95,19440,3880043.15,01-NOV-2010,
KHAITANLTD,EQ,42,42,42,42,42,43.3,500,21000,01-NOV-2010,
KHANDSE,EQ,22.3,22.3,21.6,21.7,21.6,22.85,200,4338.2,01-NOV-2010,
KIL,EQ,20.3,20.45,20,20.15,20.2,20.15,6665,134357,01-NOV-2010,
KILITCH,EQ,110,111.9,107,110,110,109.85,2810,308943.55,01-NOV-2010,
KINETICMOT,EQ,38,39.55,36.8,39.55,39.55,37.65,193993,7427378.4,01-NOV-2010,
KIRIDYES,EQ,604,608.9,600,606.1,605.4,599.55,17599,10621980.65,01-NOV-2010,
KIRLOSBROS,EQ,222,222,214,214.6,214,221.95,6306,1365993.15,01-NOV-2010,
KIRLOSIND,EQ,384.95,386,378.25,383.6,383.6,380,1050,401743.05,01-NOV-2010,
KITPLYIND,EQ,7.95,8.15,7.75,7.8,7.85,8.05,9978,78422.05,01-NOV-2010,
KKCL,EQ,553.9,560,550,550.05,550,547,7799,4305555.15,01-NOV-2010,
KLGSYSTEL,EQ,94.7,95.05,93,93.2,93.45,92.4,50805,4775875.05,01-NOV-2010,
KLRF,EQ,35.5,39,32.2,36.75,36.65,32.5,132180,4898628.3,01-NOV-2010,
KMSUGAR,EQ,6.2,6.2,5.2,5.3,5.2,5.2,10887,58041.05,01-NOV-2010,
KNRCON,EQ,197.1,197.1,191.55,193.4,193.5,194.05,6387,1236714.75,01-NOV-2010,
KOHINOOR,EQ,63.6,65.45,62.1,62.35,62.2,64.05,324702,20709681.4,01-NOV-2010,
KOLTEPATIL,EQ,67.5,68,65.7,65.95,65.9,66.8,127251,8476100.8,01-NOV-2010,
KOPDRUGS,EQ,12.3,12.3,11.45,11.55,11.55,11.45,1414,16662,01-NOV-2010,
KOPRAN,EQ,36.5,37.3,36.5,36.65,37,36,48682,1789200.5,01-NOV-2010,
KOTAKBANK,EQ,471.1,474.3,465.1,468.15,467.9,464.25,1043832,488942507.8,01-NOV-2010,
KOTAKGOLD,EQ,1940,1948,1904.1,1926.55,1923,1893.4,19289,37153710.35,01-NOV-2010,
KOTAKNIFTY,EQ,649.95,680,609,610,610,601,52,32347.95,01-NOV-2010,
KOTAKPSUBK,EQ,535,588,522,530,530,520.92,742,400884.7,01-NOV-2010,
KOTARISUG,EQ,8.1,8.25,8.05,8.1,8.15,8.1,83175,674792.15,01-NOV-2010,
KOTHARIPET,EQ,10,11.25,10,10.55,10.3,9.75,117415,1248965.5,01-NOV-2010,
KOTHARIPRO,EQ,524.8,525,507,507.1,507,505,433,221097.4,01-NOV-2010,
KOUTONS,EQ,102.4,102.45,97.55,98.7,98.25,101.3,517857,51348736.15,01-NOV-2010,
KOVAI,EQ,143,147.8,141.45,142.85,142.5,142.45,3651,522392.55,01-NOV-2010,
KPIT,EQ,159.65,164.5,158.2,160.05,162,157.1,149982,24149323.65,01-NOV-2010,
KPRMILL,EQ,232.7,237.5,232,236,236.8,227.45,30115,7049924.9,01-NOV-2010,
KRBL,EQ,50.5,51,48.6,48.75,48.7,49.5,647774,32259090.15,01-NOV-2010,
KRISHNAENG,EQ,2.7,2.9,2.55,2.75,2.85,2.85,10358,27995.9,01-NOV-2010,
KSBPUMPS,EQ,495,505,490,501.05,500,495,4698,2341888.9,01-NOV-2010,
KSCL,EQ,349.5,349.5,337,339.6,338.5,337.4,22277,7571869.7,01-NOV-2010,
KSE,EQ,199,213,199,201.9,202,200.05,200,40403.65,01-NOV-2010,
KSERAPRO,EQ,15.5,16.6,15.45,16.05,16.2,15.35,1869574,30153334.7,01-NOV-2010,
KSK,EQ,167.5,170.9,166.25,166.9,167.1,166.2,214618,36346722.4,01-NOV-2010,
KSL,EQ,119.6,121,119,119.45,119.5,117.75,51701,6204879.6,01-NOV-2010,
KSOILS,EQ,59.35,61.5,59.1,60.6,60.55,56.95,9006952,545713006.25,01-NOV-2010,
KTKBANK,EQ,186.1,190.4,185.3,189.25,189.6,184.35,1366515,257988690,01-NOV-2010,
KWALITY,EQ,125.05,125.6,121.05,121.5,121.95,123.45,459553,56657099.45,01-NOV-2010,
L&TFINANCE,N1,1070,1085,1063,1073,1073,1078.99,223,238321,01-NOV-2010,
L&TFINANCE,N2,1035,1035.01,1035,1035,1035,1034.9,136,140760.1,01-NOV-2010,
L&TFINANCE,N3,1140.23,1159.98,1140.23,1159.58,1159.98,1150,255,293279.15,01-NOV-2010,
L&TFINANCE,N4,1080,1095.5,1080,1093.9,1095.5,1071,3110,3397393.46,01-NOV-2010,
L&TFINANCE,N5,986.1,986.1,986.05,986.05,986.05,985.25,201,198196.55,01-NOV-2010,
L&TFINANCE,N6,1022,1022,1022,1022,1022,1021.65,250,255500,01-NOV-2010,
LAKPRE,EQ,81.6,81.6,76.65,76.95,76.65,78.85,2435,188763.25,01-NOV-2010,
LAKSHMIEFL,EQ,70.6,73.5,70.6,72.4,72.45,70.6,138937,10055275,01-NOV-2010,
LAKSHMIFIN,EQ,48.35,48.8,41.5,47.45,47.5,44.45,740,34743.5,01-NOV-2010,
LAKSHMIMIL,EQ,2510,2511,2486,2504.6,2486,2507.05,16,40111,01-NOV-2010,
LAKSHVILAS,EQ,130.9,134.5,130.5,132.95,133,129.75,304896,40456276.5,01-NOV-2010,
LANCOIN,EQ,59,63.65,59,62.6,62.65,60.05,135338,8483728.6,01-NOV-2010,
LAOPALA,EQ,70.5,73.5,70.5,72.1,71.8,70.7,8513,613704.35,01-NOV-2010,
LAXMIMACH,EQ,2676.15,2740,2670,2688.95,2690,2675.95,7416,20059467.6,01-NOV-2010,
LCCINFOTEC,EQ,1.35,1.35,1.35,1.35,1.35,1.25,203236,274368.6,01-NOV-2010,
LGBBROSLTD,EQ,337,348,335.05,339.65,341,334.85,12053,4121162.9,01-NOV-2010,
LGBFORGE,EQ,4.05,4.3,4.05,4.05,4.05,4.25,57401,233360.85,01-NOV-2010,
LIBERTSHOE,EQ,105.95,106.4,103.6,104.1,104.05,104.3,43088,4522581,01-NOV-2010,
LICHSGFIN,EQ,1358.1,1359.35,1332.65,1343.9,1346,1340.55,707414,951153208.05,01-NOV-2010,
LIQUIDBEES,EQ,1000,1000.01,999.99,1000,1000,999.99,106386,106386266.11,01-NOV-2010,
LITL,EQ,63.85,65.2,62.85,63.45,63.4,63.75,4872748,312069857.55,01-NOV-2010,
LLOYDELENG,EQ,75.5,84,75.5,78.85,78.65,72.45,681836,54202008.25,01-NOV-2010,
LLOYDFIN,EQ,1.6,1.6,1.45,1.5,1.55,1.5,15608,23722.7,01-NOV-2010,
LLOYDSTEEL,EQ,14,14.35,13.2,14.1,14.25,13.55,241572,3377815.1,01-NOV-2010,
LML,EQ,11.7,12.2,11.7,11.85,11.85,11.7,285710,3418015.55,01-NOV-2010,
LOGIXMICRO,EQ,39,39,37.1,37.6,37.35,37.7,7992,300561.4,01-NOV-2010,
LOKESHMACH,EQ,62.65,64.65,62.65,63.25,64,62.9,13297,843187.95,01-NOV-2010,
LOTUSEYE,EQ,17.15,17.85,17.1,17.35,17.5,17.05,60286,1043701.5,01-NOV-2010,
LPDC,BE,4.55,4.55,4.2,4.3,4.2,4.4,22768,99730.6,01-NOV-2010,
LT,EQ,2044,2093,2044,2084.05,2080,2027.8,1731708,3580049272.75,01-NOV-2010,
LUMAXAUTO,EQ,48.2,48.7,47.8,48.2,48.05,47.2,4378,211274.85,01-NOV-2010,
LUMAXIND,EQ,289.1,295,286.7,294.4,295,289.9,367,106218.05,01-NOV-2010,
LUMAXTECH,EQ,187,193,187,190.7,190,189.2,3614,688060.55,01-NOV-2010,
LUPIN,EQ,453,459,440,444.5,445.3,438.3,880645,394886234.05,01-NOV-2010,
LYKALABS,EQ,34.25,34.8,33.85,34.05,34.1,33.8,47676,1637641.95,01-NOV-2010,
M&M,EQ,744,771,739.85,766.5,767.6,733.7,3629242,2740705269.6,01-NOV-2010,
M&MFIN,EQ,742,779,740,754.85,754,738.65,218991,167376021.15,01-NOV-2010,
M50,EQ,87.2,88.5,86.5,86.86,86.5,86.16,1462423,127409280.74,01-NOV-2010,
MADHAV,EQ,32.5,33.5,32.4,32.8,33.5,33.55,21000,692400.75,01-NOV-2010,
MADHUCON,EQ,147,147.55,143,143.4,143.4,146.95,41178,5984546.75,01-NOV-2010,
MADRASCEM,EQ,118,120,113.3,119.3,119.5,116.05,440915,52211673.2,01-NOV-2010,
MADRASFERT,EQ,19.75,19.9,19.3,19.55,19.5,19,53403,1044319.3,01-NOV-2010,
MAGMA,EQ,75.65,78,74.95,75.35,75,75.55,303663,23204864.3,01-NOV-2010,
MAGNUM,BE,10.15,10.35,10,10,10,10.1,10900,110034.6,01-NOV-2010,
MAHABANK,EQ,78.5,79.9,78.15,79.25,79.4,77.65,413125,32791418.85,01-NOV-2010,
MAHINDFORG,EQ,99.95,100.9,99.05,100.05,100.1,98.45,48213,4820861.85,01-NOV-2010,
MAHINDUGIN,EQ,67.5,68.5,67,67.35,67.6,66.45,12087,816871.75,01-NOV-2010,
MAHLIFE,EQ,475,475.25,467,467.65,467.25,470.85,6476,3046218.7,01-NOV-2010,
MAHSCOOTER,BE,419.9,419.95,407,415.55,415,411.2,620,256124.8,01-NOV-2010,
MAHSEAMLES,EQ,418.1,430,418.1,422,423.95,418.1,29114,12329776.55,01-NOV-2010,
MALUPAPER,EQ,18.35,18.35,17.4,17.6,17.6,17.7,7677,137234.15,01-NOV-2010,
MALWACOTT,EQ,65.95,65.95,61.8,62.45,62.8,63.15,30874,1943259.3,01-NOV-2010,
MANAKSIA,EQ,82.1,86.85,82.1,86.25,86.5,83.85,41262,3529020,01-NOV-2010,
MANALIPETC,EQ,15.15,15.3,14.65,14.75,14.7,15.05,172395,2576782.7,01-NOV-2010,
MANALU,EQ,65.85,67.4,65.6,66.35,66.25,65.3,1251,83153.35,01-NOV-2010,
MANAPPURAM,EQ,149.5,158.4,149.5,157.4,158.4,147.7,1025732,159155507.6,01-NOV-2010,
MANDHANA,EQ,242,252.5,239.2,247.15,250.9,238.95,1057135,259320693.35,01-NOV-2010,
MANGALAM,EQ,17,20.25,17,18.15,18.2,16.85,1093704,21144477.45,01-NOV-2010,
MANGCHEFER,EQ,42.55,44.35,42.4,44,43.9,42.05,1318745,57507686.9,01-NOV-2010,
MANGLMCEM,EQ,150,152,146,149.35,148.15,150.9,65504,9717014.85,01-NOV-2010,
MANGTIMBER,EQ,21.5,22,21.25,21.45,21.25,21.2,15024,325173.7,01-NOV-2010,
MANINDS,EQ,84.45,93.25,84.1,88.55,88.5,84.45,317823,28551040.55,01-NOV-2010,
MANINFRA,EQ,377,378.8,367.25,370.5,370,376.05,72515,27135206.3,01-NOV-2010,
MANJEERA,EQ,125,125,117.7,124.4,124.4,124.8,810,98150.5,01-NOV-2010,
MANUGRAPH,EQ,53.2,57.9,53.2,54.75,54.9,52.95,104978,5754010.6,01-NOV-2010,
MARALOVER,EQ,22.45,22.45,20.75,20.95,21,20.8,10934,230489,01-NOV-2010,
MARG,EQ,199.8,206,199.8,200.65,200.9,199.8,13057,2636026.9,01-NOV-2010,
MARICO,EQ,137.5,138.9,136.2,137.85,137.95,137.15,64914,8927176.05,01-NOV-2010,
MARKSANS,EQ,3.85,3.95,3.85,3.85,3.85,3.85,156935,609672.05,01-NOV-2010,
MARUTI,EQ,1560,1560,1482.5,1508.3,1506.95,1551.6,875788,1324261223.65,01-NOV-2010,
MARUTI,IL,1502,1537,1502,1533.3,0.0,1540,116840,178679622,01-NOV-2010,
MASTEK,EQ,196,211,196,207.4,206.95,203.85,31402,6453857,01-NOV-2010,
MAWANASUG,EQ,31.2,31.2,29.8,30.25,30.2,30.6,6505,197185.5,01-NOV-2010,
MAX,EQ,159.95,162.7,158.05,158.9,159,158.25,359263,57291604.25,01-NOV-2010,
MAXWELL,EQ,22.9,23.7,22.5,22.95,23.1,22.75,35933,823654.75,01-NOV-2010,
MAYTASINFR,EQ,202.8,204.5,193.3,195.45,194,200.2,494865,98378090.1,01-NOV-2010,
MBECL,EQ,264.4,264.4,255,257.15,256,256.25,39649,10254899.3,01-NOV-2010,
MBLINFRA,EQ,230,251,230,242.8,240.25,227.8,148796,36410660.15,01-NOV-2010,
MCDHOLDING,BE,150.8,150.8,143,144.5,144.25,144.35,3871,561760.65,01-NOV-2010,
MCDOWELL-N,EQ,1509,1519.35,1476.7,1496.7,1505.5,1495.15,206287,309873776.5,01-NOV-2010,
MCLEODRUSS,EQ,232.75,235.35,226.8,231.7,231,230.05,455260,105640761.7,01-NOV-2010,
MEGASOFT,BE,31.55,33,31.55,32.75,32.45,32.6,13201,427554.45,01-NOV-2010,
MEGH,EQ,21.55,21.75,20.5,20.75,20.8,21.15,494296,10411221.3,01-NOV-2010,
MELSTAR,EQ,12,12,10,10.8,10.8,10.05,10949,118395.4,01-NOV-2010,
MERCK,EQ,764.9,776,756,767.25,761.2,763.95,18557,14181594.9,01-NOV-2010,
MHRIL,EQ,425,425,388.75,392.25,390,410.7,54834,21650474.25,01-NOV-2010,
MIC,EQ,40,40.35,39.05,39.5,39.5,39.7,324523,12862783.6,01-NOV-2010,
MICROSEC,EQ,82.95,83.8,80.25,81.05,81.15,81.4,138045,11271032.45,01-NOV-2010,
MICROTECH,EQ,192.65,206.45,192.65,203.35,202.6,196.65,34827,7051150.65,01-NOV-2010,
MID-DAY,EQ,41.85,41.85,39.65,39.9,39.9,40.2,45958,1841258.1,01-NOV-2010,
MINDAIND,EQ,374.95,374.95,365,365,365,362.15,59,21644.5,01-NOV-2010,
MINDTREE,EQ,505,520,498,509.85,508,513.5,11822,6060182.1,01-NOV-2010,
MIRCELECTR,EQ,24.5,26.3,24.5,25.95,26,25.45,134085,3471295.9,01-NOV-2010,
MIRZAINT,EQ,17.35,18.9,16.25,18.7,18.75,15.75,4441295,81266115.75,01-NOV-2010,
MLL,EQ,65.3,68.3,64.6,67.7,67.8,64.45,2954311,196257766.05,01-NOV-2010,
MMFL,EQ,140.2,148.9,140.2,144.8,144.85,143.8,11031,1597079.05,01-NOV-2010,
MMFSL,EQ,676,698.8,673,676.5,676,674.9,41730,28161104,01-NOV-2010,
MMTC,EQ,1300.2,1314.8,1295,1297.25,1298.5,1292.45,7046,9175828.15,01-NOV-2010,
MONNETISPA,EQ,619.7,640,602,605.6,607,597.45,38493,23408020.95,01-NOV-2010,
MONSANTO,EQ,2050,2060,1986,1997.65,1999,2014.45,4304,8638132.35,01-NOV-2010,
MORARJETEX,EQ,29.9,29.9,28.1,28.25,28.4,28.65,6343,179921.55,01-NOV-2010,
MOREPENLAB,EQ,6.35,6.4,6.3,6.3,6.35,6.3,163249,1037701.05,01-NOV-2010,
MOSERBAER,EQ,64,65.1,62.9,64.35,64.5,64.8,923485,59076767.9,01-NOV-2010,
MOTHERSUMI,EQ,186.4,191,183.5,185.35,185.2,183.3,260201,48949620.7,01-NOV-2010,
MOTILALOFS,EQ,194.7,196,188,191.15,191.05,194.3,16500,3180549.6,01-NOV-2010,
MOTOGENFIN,EQ,49.3,50.8,49,49.55,49.4,49.3,1003,49733,01-NOV-2010,
MPHASIS,EQ,614.45,615.3,605,609.2,610,610.4,180081,109749791.8,01-NOV-2010,
MPSLTD,EQ,54,56.45,53.95,55.85,54.6,54.15,9811,544453.35,01-NOV-2010,
MRF,EQ,9399.9,9470,9300,9334.3,9336,9304.55,8228,77033714.65,01-NOV-2010,
MRO-TEK,EQ,28.15,28.6,28.05,28.15,28.1,28.1,13633,385046.25,01-NOV-2010,
MRPL,EQ,81.55,83.35,81.55,82.6,82.25,81.2,1392778,115158721.85,01-NOV-2010,
MSKPROJ,EQ,138.5,138.5,130.6,131.75,130.8,132.85,33234,4412547.7,01-NOV-2010,
MSPL,EQ,69.7,70.45,67.1,67.9,68.2,68.1,525766,36336222.55,01-NOV-2010,
MTNL,EQ,69,69.9,68.3,68.45,68.5,67.5,620229,42604366.5,01-NOV-2010,
MUDRA,EQ,54.05,54.95,54,54.3,54.25,53.55,222721,12116960.6,01-NOV-2010,
MUKANDENGG,EQ,42,43.9,42,43.15,43.8,42.45,5557,240478,01-NOV-2010,
MUKANDLTD,EQ,68.5,69.9,65.25,66.85,66.3,67.85,48109,3223154.05,01-NOV-2010,
MUKTAARTS,EQ,50.3,51.35,50,50.1,50.8,50,3771,190807.75,01-NOV-2010,
MUNDRAPORT,EQ,154.25,158.75,153.65,155.2,155.3,151.9,1402657,219227084.85,01-NOV-2010,
MUNJALAU,EQ,142.3,145,141.2,142.35,142,146.05,8616,1229685.8,01-NOV-2010,
MUNJALSHOW,EQ,68,68.95,65.95,67.05,67.3,66.15,160928,10838291.25,01-NOV-2010,
MURLIIND,EQ,88.6,93.9,88.15,92.5,90.7,88.3,80931,7434852.55,01-NOV-2010,
MURUDCERA,EQ,30.05,30.05,29.05,29.1,29.05,29.7,12133,356703.6,01-NOV-2010,
MVL,EQ,66.6,67.5,62.4,63.65,63.65,65.75,511006,32748519.1,01-NOV-2010,
MVLIND,EQ,28,29.1,28,28.8,29,28.5,1391,39375.9,01-NOV-2010,
MYSOREBANK,EQ,838,855,820.1,823.4,823,836.05,5119,4252626.6,01-NOV-2010,
NAGARCONST,EQ,149.95,153.25,148.8,152.3,152.3,147.45,1084004,163552916.95,01-NOV-2010,
NAGARFERT,EQ,34.8,34.95,33.9,34.1,33.95,33.8,3926914,134556370.8,01-NOV-2010,
NAGREEKCAP,EQ,36.6,38,36.55,36.75,36.55,36.35,3395,126154.25,01-NOV-2010,
NAGREEKEXP,EQ,42.8,47.65,42.6,45.05,45,41.8,108244,4943309.95,01-NOV-2010,
NAHARCAP,EQ,115.9,115.9,107.4,109.7,109.1,109.85,6802,750730.6,01-NOV-2010,
NAHARINDUS,EQ,95.7,99.7,93.05,93.9,94.05,94.6,34929,3337923,01-NOV-2010,
NAHARINVST,BE,44.2,46.85,44.2,44.7,44.3,45.4,7093,323497.25,01-NOV-2010,
NAHARSPING,EQ,140,142.5,137,140.5,140.35,135.8,136325,19044761.95,01-NOV-2010,
NANDAN,EQ,2.95,2.95,2.55,2.6,2.6,2.6,484890,1264525.2,01-NOV-2010,
NATCOPHARM,EQ,273.9,275,270.05,271.95,272,269.85,56933,15486767.15,01-NOV-2010,
NATIONALUM,EQ,411,415,403,405.55,405,401.3,45615,18559169.6,01-NOV-2010,
NATNLSTEEL,EQ,27.8,27.8,27.1,27.25,27.4,26.8,24621,674643.8,01-NOV-2010,
NAUKRI,EQ,690,710,672.15,689.5,677.1,680.35,78627,54210065.55,01-NOV-2010,
NAVINFLUOR,EQ,292,292,282.2,285.3,286.85,282.2,18803,5352657.1,01-NOV-2010,
NAVNETPUBL,EQ,63,67,61.05,61.3,61.25,61.3,653788,40595261.9,01-NOV-2010,
NBVENTURES,EQ,380.85,380.85,361,365.45,363,380.85,42735,15689526.65,01-NOV-2010,
NCLIND,EQ,31.45,32.65,31.45,32.35,32.4,31.9,19542,628153.6,01-NOV-2010,
NDTV,EQ,103.95,104.8,102.75,103.45,103.2,102.75,61241,6335193.7,01-NOV-2010,
NECLIFE,EQ,30.3,30.5,29.75,29.85,29.75,30.1,57179,1725092.35,01-NOV-2010,
NEHAINT,EQ,141,146.5,136,142.7,145,139.05,109349,15639931.5,01-NOV-2010,
NELCAST,EQ,103,103.1,101,102.05,102,101.95,4912,502327.2,01-NOV-2010,
NELCO,EQ,115,115,112.55,113.5,113.5,112.8,58050,6606959.4,01-NOV-2010,
NEOCURE,EQ,3.4,3.7,3.4,3.6,3.6,3.7,6739,23776.55,01-NOV-2010,
NEPCMICON,EQ,6.35,6.85,6.35,6.55,6.5,6.5,57451,375267.95,01-NOV-2010,
NESCO,EQ,575,585.8,575,578.1,576.25,577.05,1656,963022.1,01-NOV-2010,
NESTLEIND,EQ,3484.45,3590,3440,3550.4,3570.25,3484.45,24368,85241656.65,01-NOV-2010,
NETWORK18,EQ,161,162,158,160.2,161.5,161.35,38222,6114969.15,01-NOV-2010,
NETWORK18,P2,108,108,105,106.75,106.7,108,2152,232127,01-NOV-2010,
NEULANDLAB,EQ,144.45,146,136.6,138.65,137.5,144.35,15195,2125087.35,01-NOV-2010,
NEYVELILIG,EQ,158,161.6,157.7,160.75,161.4,156.65,218274,34812337.45,01-NOV-2010,
NFL,EQ,117,119.7,115.2,117.85,117.35,117.45,70125,8311151.3,01-NOV-2010,
NHPC,EQ,31.5,31.65,31.35,31.45,31.45,31.2,3157657,99448458.65,01-NOV-2010,
NICCO,EQ,5,5.15,4.95,4.95,4.95,4.9,18656,93340.9,01-NOV-2010,
NIFTYBEES,EQ,619,625,615,618.42,619,607.98,46979,28996871.88,01-NOV-2010,
NIITLTD,EQ,66,66.95,65.15,65.45,65.25,65.75,421079,27721868.75,01-NOV-2010,
NIITTECH,EQ,246.8,246.8,216.3,220,218.4,219.4,104341,23188930.8,01-NOV-2010,
NILKAMAL,EQ,375.5,392,366.6,384.8,388,375.5,13850,5236689.2,01-NOV-2010,
NIPPOBATRY,EQ,470.25,479,466.2,469.8,466.2,473.8,687,325091.85,01-NOV-2010,
NIRMA,EQ,226.05,232.8,226.05,229,229.25,230.8,54167,12410869.75,01-NOV-2010,
NISSAN,EQ,3.9,3.95,3.9,3.95,3.9,3.85,129034,506646.55,01-NOV-2010,
NITCO,BE,62,65,62,62.8,62.4,63,6299,397535,01-NOV-2010,
NITESHEST,EQ,41.75,43.95,41.25,42.7,42.75,40.9,206584,8828557.25,01-NOV-2010,
NITINFIRE,EQ,331,338.7,326.65,331.6,334,330.7,28113,9354670.35,01-NOV-2010,
NITINSPIN,EQ,13.2,13.7,13.15,13.55,13.6,13.05,57043,768941,01-NOV-2010,
NMDC,EQ,280.2,282,275.1,276.95,276.1,277.3,256355,71103499.95,01-NOV-2010,
NOCIL,EQ,22.55,22.9,22.55,22.6,22.55,22.4,222170,5041944.6,01-NOV-2010,
NOIDATOLL,EQ,31.25,32.95,31,32.2,32.25,31.7,470357,15194914.1,01-NOV-2010,
NORBTEAEXP,EQ,11.25,11.55,10.5,10.8,10.9,11.25,9828,108287.3,01-NOV-2010,
NORTHGATE,EQ,18.1,18.25,17.65,17.85,18,17.8,125434,2252770.5,01-NOV-2010,
NOVOPANIND,EQ,35.75,36.25,35.3,35.8,36.2,35.2,3882,138856.3,01-NOV-2010,
NRBBEARING,EQ,59.4,60.4,57.1,57.5,57.8,57.75,43160,2525027.5,01-NOV-2010,
NRC,EQ,9.25,10,9.2,9.6,9.6,9.45,11484,111448.65,01-NOV-2010,
NSIL,EQ,1274.75,1274.75,1226.5,1243.3,1247.9,1224.4,285,353384.65,01-NOV-2010,
NTPC,EQ,198.1,198.1,192.75,193.2,193,195.3,3747925,729553388.05,01-NOV-2010,
NUCHEM,EQ,7.65,7.65,7.05,7.15,7.2,7.2,17892,129368.65,01-NOV-2010,
NUCLEUS,EQ,128,132.8,127.5,128.25,127.6,128,25887,3351432.8,01-NOV-2010,
NUMERICPW,EQ,356,358.95,346.2,354.9,354,358.95,11560,4098862.4,01-NOV-2010,
NUTEK,EQ,37.7,40.1,37.7,38.5,38.4,39.65,247638,9572886.65,01-NOV-2010,
OBEROIREAL,EQ,280,283.8,274.1,275.8,276,279.05,340688,94316075.35,01-NOV-2010,
OCL,EQ,133,134.85,130,130.95,130.6,131.95,7088,929076.5,01-NOV-2010,
OFSS,EQ,2215,2284.9,2210.35,2253.7,2256,2210.2,15190,34155960.6,01-NOV-2010,
OIL,EQ,1450.5,1477,1420,1432.5,1440,1450.05,36953,53506432.35,01-NOV-2010,
OILCOUNTUB,EQ,100,101.5,98.15,98.4,98.25,99,11430,1138236.9,01-NOV-2010,
OISL,BE,76.15,78.95,75.2,78.1,78.05,75.15,30167,2377731.3,01-NOV-2010,
OMAXAUTO,EQ,60,60.85,56.3,56.85,56.35,59.65,143777,8297167.8,01-NOV-2010,
OMAXE,EQ,149.5,152.95,149.5,152.15,151.9,149.3,427466,64967686.85,01-NOV-2010,
OMNITECH,EQ,241.7,245.5,238.2,240.05,240,238.85,48041,11592752.5,01-NOV-2010,
ONGC,EQ,1324,1333,1310,1319.35,1318,1304.05,428643,566609638.1,01-NOV-2010,
ONMOBILE,EQ,338,341,331.25,334.75,335.1,334.4,156303,52612945.05,01-NOV-2010,
ONWARDTEC,BE,46.4,46.5,45.5,45.5,45.5,46.25,760,35020,01-NOV-2010,
OPTOCIRCUI,EQ,290,295.7,288,293.65,295.7,287.55,140119,41034318.15,01-NOV-2010,
ORBITCORP,EQ,117.6,120,117.35,118.25,118.5,116.05,345207,40842196.1,01-NOV-2010,
ORCHIDCHEM,EQ,298,303.8,289.15,301.95,301.9,286.55,6471339,1931128233.2,01-NOV-2010,
ORIENTABRA,EQ,30.05,31.5,29.6,29.9,29.85,31.35,111060,3371843.2,01-NOV-2010,
ORIENTALTL,EQ,12.6,12.75,12.35,12.35,12.35,12.35,9427,118083.85,01-NOV-2010,
ORIENTBANK,EQ,502,511.9,501.95,507.55,504.6,498.9,410551,208641293.75,01-NOV-2010,
ORIENTCERA,EQ,95.95,98.9,93,94,93,93.2,18835,1788341.75,01-NOV-2010,
ORIENTHOT,EQ,395,395,347.8,383.3,383,395.25,4838,1847381.2,01-NOV-2010,
ORIENTLTD,EQ,113.1,115,113,114.9,113.1,110.35,335,38075.5,01-NOV-2010,
ORIENTPPR,EQ,59.95,60,58.3,59.75,59.95,58.55,111022,6562891.95,01-NOV-2010,
ORISSAMINE,EQ,68900,69750,64300,66200.05,67199,67383.15,1797,120183118.45,01-NOV-2010,
OUDHSUG,EQ,41.25,41.5,40.35,40.85,40.65,40.25,7324,298787.6,01-NOV-2010,
PAEL,EQ,43.85,44.55,43.25,43.55,44,44.2,19570,860740.1,01-NOV-2010,
PAGEIND,EQ,1281.15,1318,1281.15,1297.15,1295,1284.85,765,996064.2,01-NOV-2010,
PANACEABIO,EQ,201,205,199.5,203.15,201.5,199,13232,2687402.15,01-NOV-2010,
PANASONIC,EQ,169.9,171,157.4,157.85,157.4,163.65,953,153161.7,01-NOV-2010,
PANCARBON,EQ,153.35,155.5,151.4,153.3,153.3,154.9,126,19273.1,01-NOV-2010,
PANORAMUNI,EQ,24.1,24.4,22.95,23.6,23.9,22.95,47979,1125437.45,01-NOV-2010,
PANTALOONR,EQ,471.05,477.95,468.35,470.5,471.7,469.6,47710,22558651.1,01-NOV-2010,
PANTALOONR,IL,499.95,499.95,499.95,499.95,0.0,501,6000,2999700,01-NOV-2010,
PAPERPROD,EQ,61.45,61.95,60.5,60.85,60.5,61.45,35581,2170886.35,01-NOV-2010,
PARABDRUGS,EQ,54.8,55.85,52.9,54.85,55.2,54.15,143262,7751944,01-NOV-2010,
PARACABLES,EQ,7.8,7.85,7.4,7.45,7.4,7.8,126513,951949.65,01-NOV-2010,
PARAL,EQ,522.55,527.5,511.55,514.65,512.2,518.05,18193,9482629.2,01-NOV-2010,
PARASPETRO,EQ,0.65,0.75,0.65,0.7,0.7,0.7,39671,26801.1,01-NOV-2010,
PAREKHPLAT,EQ,8.75,8.75,8.05,8.4,8.45,8.15,10011,83954.9,01-NOV-2010,
PARSVNATH,EQ,67.5,70.1,66.15,69.9,69.2,66.8,2834294,196277341.1,01-NOV-2010,
PATELENG,EQ,370,371.75,365.5,370.2,369.5,364.2,35769,13210116.3,01-NOV-2010,
PATINTLOG,BE,35.5,37.75,34.75,37,37,35.95,122658,4591203.6,01-NOV-2010,
PATNI,EQ,464,474,463.1,467.9,468.1,462.7,248462,116115901.45,01-NOV-2010,
PATSPINLTD,EQ,17.7,17.7,17.7,17.7,17.7,16.85,11749,207957.3,01-NOV-2010,
PBAINFRA,EQ,82.45,85.4,82.05,82.6,82.05,80.6,97466,8131600.5,01-NOV-2010,
PDPL,EQ,350,350,340,340.85,341.1,339.7,7913,2721571.75,01-NOV-2010,
PDUMJEIND,EQ,24.4,24.6,24.4,24.5,24.5,25.1,360,8835.5,01-NOV-2010,
PDUMJEPULP,EQ,25.5,25.8,25.05,25.1,25.05,25.2,6688,169661.1,01-NOV-2010,
PEACOCKIND,EQ,3.25,3.45,3.25,3.35,3.25,3.25,4114,13575.05,01-NOV-2010,
PEARLPOLY,EQ,24.1,24.8,24.1,24.8,24.8,23.6,20326,503922.55,01-NOV-2010,
PENINLAND,EQ,61.55,62.2,61,61.55,61.9,61.55,48646,3000109.95,01-NOV-2010,
PEPL,EQ,4.6,5,4.6,4.75,4.8,4.65,1902,9009.75,01-NOV-2010,
PERIATEA,EQ,152,152.95,150,150,150,149,152,23006.95,01-NOV-2010,
PERSISTENT,EQ,403.35,414.1,401.5,406.75,409,403.25,32051,13045764.9,01-NOV-2010,
PETRONENGG,EQ,404.8,404.8,380,391.1,390.5,379.6,24508,9504918.8,01-NOV-2010,
PETRONET,EQ,112.5,120.35,112.25,118.55,118.7,111.2,7838522,926836138.05,01-NOV-2010,
PFC,EQ,361.4,367,361,363.25,363,360,97599,35524959.5,01-NOV-2010,
PFIZER,EQ,1133,1134.7,1122,1128.35,1128,1128.8,2072,2337200.15,01-NOV-2010,
PFOCUS,EQ,67.5,70.3,66.55,67.35,67.1,66.65,194455,13313912.1,01-NOV-2010,
PGHH,EQ,2005,2040.05,1992.3,2007.95,2015,2000.95,2293,4623271.1,01-NOV-2010,
PHILIPCARB,EQ,197,205.9,195,196.45,195.55,200,26698,5287047.3,01-NOV-2010,
PHOENIXLTD,EQ,255.2,255.2,243,244.95,244,250.95,24038,5928754.9,01-NOV-2010,
PIDILITIND,EQ,145.65,147,143,144.95,146,145.55,278509,40386095.15,01-NOV-2010,
PIONDIST,BE,83.1,83.65,83,83.55,83.65,83.65,10711,891269.25,01-NOV-2010,
PIONEEREMB,BE,32.25,33.5,32.25,33.25,33.5,33.2,10460,346885.1,01-NOV-2010,
PIPAVAVYD,EQ,88.8,89.65,87.45,89.25,89.4,88,1961521,174293269.1,01-NOV-2010,
PIRGLASS,EQ,139.5,140,133.5,134.35,134.75,137.65,41696,5692398,01-NOV-2010,
PIRHEALTH,EQ,481,482,470.7,478.95,482,477.25,1254487,600311622.6,01-NOV-2010,
PIRLIFE,EQ,157.5,160.9,151,158.4,160.85,158.85,28551,4485555.6,01-NOV-2010,
PITTILAM,BE,48.6,48.65,48.6,48.65,48.65,46.3,1496,72775.4,01-NOV-2010,
PLASTIBLEN,EQ,202.1,202.1,199,201,201,200,275,55333.5,01-NOV-2010,
PLETHICO,EQ,394,397.1,387.15,394.75,394,392.05,3366,1323559,01-NOV-2010,
PNB,EQ,1303,1319.5,1292,1310.75,1311.45,1290.8,223268,292055127.6,01-NOV-2010,
PNB,IL,1450,1450,1450,1450,0.0,1451,121,175450,01-NOV-2010,
PNBGILTS,EQ,37.8,37.95,35.15,35.35,35.5,36.1,148961,5318919.3,01-NOV-2010,
PNC,EQ,26.9,27.45,26.05,26.2,26.05,26.3,17867,474108.2,01-NOV-2010,
POCHIRAJU,EQ,23.8,24.65,23.25,23.4,23.25,23.7,40927,971097.9,01-NOV-2010,
POLARIND,EQ,5.85,6,5.75,5.95,5.95,5.75,8065,47058.75,01-NOV-2010,
POLARIS,EQ,162.75,164.8,162.6,163.75,163.05,161.75,295230,48278740.15,01-NOV-2010,
POLYPLEX,EQ,899,925.35,886.3,919.9,919.65,881.25,163566,149206184.2,01-NOV-2010,
PONDYOXIDE,EQ,39.5,39.75,38,38.35,38.25,39.8,45710,1760685.35,01-NOV-2010,
PONNIERODE,EQ,125,125,121.1,122.95,124,121,9626,1183837,01-NOV-2010,
POWERGRID,EQ,100.8,101.7,100.3,100.65,100.5,100.4,2049797,206997780.35,01-NOV-2010,
PPAP,EQ,87.1,88,85.5,86.6,86,86.9,28264,2454726.95,01-NOV-2010,
PRADIP,EQ,84.05,85.85,82.5,82.7,82.75,85,39225,3276766.75,01-NOV-2010,
PRAENG,EQ,27.8,27.95,27.1,27.2,27.15,27.6,37651,1033435.3,01-NOV-2010,
PRAJIND,EQ,72,72,69.35,70,69.9,68.95,448639,31362739.9,01-NOV-2010,
PRAKASH,EQ,145,149.4,141.5,146.6,146,144.15,178530,25926737.55,01-NOV-2010,
PRAKASHSTL,EQ,147.25,154.8,147.25,150.8,149.9,150.15,206760,31226502.15,01-NOV-2010,
PRATIBHA,EQ,78.5,79.9,77,77.8,77.45,77.85,406128,31762534.05,01-NOV-2010,
PRECOT,EQ,265.75,270,257.8,260.4,259,255.7,5108,1337486.7,01-NOV-2010,
PRECWIRE,EQ,129,134.3,127,132.7,131.1,129.1,15833,2091024.15,01-NOV-2010,
PREMIER,EQ,151.1,154.65,147.05,149.65,152.25,149.35,15329,2295152.65,01-NOV-2010,
PRESTIGE,EQ,199.85,232.4,198,216,214.65,199.35,4316610,946111766.45,01-NOV-2010,
PRETAILDVR,EQ,369,376,366.5,371.7,366.5,372.95,1952,725441.2,01-NOV-2010,
PRICOL,EQ,26.5,26.55,25.25,25.45,25.3,26,147732,3806551.55,01-NOV-2010,
PRIMESECU,EQ,37.8,37.8,36.8,37,36.9,36.75,8733,325294.9,01-NOV-2010,
PRISMCEM,EQ,59.9,60,58.6,59.5,59.6,59.1,201329,11949142.3,01-NOV-2010,
PRITHVI,EQ,45.7,48,45.1,45.55,45.6,45.65,71143,3263041.55,01-NOV-2010,
PRITHVISOF,EQ,19.6,19.6,18.25,18.6,19,18.75,130,2424.75,01-NOV-2010,
PROVOGUE,EQ,75.15,77.9,73.4,76.05,75.55,74.85,1462225,111560499.65,01-NOV-2010,
PSL,EQ,110,112,109.15,110.8,111,109.85,82857,9181554.8,01-NOV-2010,
PSUBNKBEES,EQ,513,516,510,516,516,502.06,203,104135.4,01-NOV-2010,
PTC,EQ,136.05,137.8,133.85,135.2,135.35,134.55,949486,129074278.3,01-NOV-2010,
PTL,BE,36.65,36.8,33.3,34.9,36.8,35.05,14125,482365.65,01-NOV-2010,
PUNJABCHEM,EQ,140,144,135.4,136.8,137,140.35,6708,940817,01-NOV-2010,
PUNJLLOYD,EQ,120,124.5,118.65,122.55,122.8,117.4,4291464,525156624.95,01-NOV-2010,
PURVA,EQ,126,126.1,122.1,123.05,123.5,126.95,99081,12204260.55,01-NOV-2010,
PVP,EQ,11.95,12.3,11.75,12.05,12.1,11.9,135889,1638596.55,01-NOV-2010,
PVR,EQ,169.6,172,166.25,168.2,168.6,167.85,37642,6396676.85,01-NOV-2010,
QGOLDHALF,EQ,953,964.8,953,960,960.8,944.2,1551,1488638.5,01-NOV-2010,
QNIFTY,EQ,620,620,614.8,614.8,614.8,598.96,27,16734.8,01-NOV-2010,
QUINTEGRA,BE,15.8,17,15.8,16.45,16.45,16.6,95418,1540370.85,01-NOV-2010,
RADAAN,EQ,2.95,3.1,2.9,3.05,3.1,3,16036,48796.3,01-NOV-2010,
RADICO,EQ,183.45,183.45,152.2,168.8,177,178.8,458893,78719292.6,01-NOV-2010,
RAINBOWPAP,EQ,55.05,56.5,55.05,55.9,56.05,54.7,336126,18801769.95,01-NOV-2010,
RAINCOM,EQ,155.25,163.35,155.25,157.2,157.3,160.2,19432,3071849.6,01-NOV-2010,
RAJESHEXPO,EQ,119.2,128.25,116.5,120.55,127.75,118.15,1775625,212985755.8,01-NOV-2010,
RAJOIL,EQ,58,58.8,56.05,57.7,58,58.7,544072,31457091.65,01-NOV-2010,
RAJPALAYAM,EQ,660,674,659.95,660.25,660,653.7,500,332438,01-NOV-2010,
RAJRAYON,EQ,16.4,16.6,16.3,16.3,16.3,16.45,15296,251472.05,01-NOV-2010,
RAJSREESUG,EQ,73.25,74.5,73.25,73.95,74.45,72.4,12697,937991.85,01-NOV-2010,
RAJTV,BE,55,55.75,54.1,54.6,54.95,55,7051,386410.2,01-NOV-2010,
RAJVIR,EQ,249,249,236,237.05,237.05,240,713,171025.1,01-NOV-2010,
RALLIS,EQ,1459,1475,1451.15,1468.95,1473,1457.85,25209,36968783.25,01-NOV-2010,
RAMANEWS,EQ,20.15,20.2,19.8,19.85,19.8,19.8,57679,1150686.6,01-NOV-2010,
RAMCOIND,EQ,66.5,67.35,65.5,66.3,66.05,65.85,37620,2504147.95,01-NOV-2010,
RAMCOSYS,BE,123.4,128.5,123,123.8,124,123.1,5112,636783.5,01-NOV-2010,
RAMKY,EQ,365,369.9,359,360.95,361.1,363,156158,56285757.9,01-NOV-2010,
RAMSARUP,BE,38.35,40.3,37.75,39.4,39.35,38.4,44488,1762766.9,01-NOV-2010,
RANASUG,EQ,9,9.15,9,9.05,9,9,324484,2946497.6,01-NOV-2010,
RANBAXY,EQ,585.5,604.9,582,602.3,602.8,579.75,918881,546551850.55,01-NOV-2010,
RANEENGINE,EQ,301.05,313.7,301.05,312.5,312.5,310.95,297,90728.35,01-NOV-2010,
RANEHOLDIN,EQ,316,338.9,316,329.15,333.9,331.8,34040,11212374.4,01-NOV-2010,
RATNAMANI,EQ,135.1,142.95,135,142,142,137,70418,9834438.8,01-NOV-2010,
RAYMOND,EQ,433,437.7,426.6,430.7,428,431.25,980866,424281707.9,01-NOV-2010,
RBL,EQ,146.95,148.95,145.2,146.15,146.25,143.35,90,13186.95,01-NOV-2010,
RBN,BE,98,101.65,97.25,101.65,101.65,96.8,77882,7853320.7,01-NOV-2010,
RCF,EQ,95.2,96.7,95,95.9,96,94.8,519245,49820289.55,01-NOV-2010,
RCOM,EQ,181.1,185.65,180.25,183.55,183.9,180.1,5199462,954394184.65,01-NOV-2010,
RECLTD,EQ,372.5,375.9,364.5,366.55,366.1,370.65,1066457,395044587.85,01-NOV-2010,
REDINGTON,EQ,80,84,79.95,82.7,84,80,775846,63771926.45,01-NOV-2010,
REFEX,EQ,30.8,33.5,30.55,32,32.15,30.1,239289,7755704.6,01-NOV-2010,
REGENCERAM,EQ,9.45,10.25,8.25,8.4,8.35,9.2,26989,232306.2,01-NOV-2010,
REIAGROLTD,EQ,27.5,28.05,25.1,27.9,27.9,27.2,10390002,285473999.3,01-NOV-2010,
REISIXTEN,EQ,75.7,79.95,74.8,77.4,76.5,73.3,62646,4919359.55,01-NOV-2010,
RELBANK,EQ,1239.9,1249,1192,1206.03,1210,1200.68,247,298810.03,01-NOV-2010,
RELCAPITAL,EQ,824,829.6,820.15,823.3,822,813.9,463461,382169790.6,01-NOV-2010,
RELDUALDPA,MF,7.35,7.35,7.35,7.35,7.35,8.15,1000,7350,01-NOV-2010,
RELGOLD,EQ,1850,1872,1846.5,1868.25,1862.05,1838.6,5988,11162512.45,01-NOV-2010,
RELIANCE,EQ,1121,1124.9,1089.25,1093.2,1092,1096.25,6973910,7692002378,01-NOV-2010,
RELIGARE,EQ,486.45,502.35,486.45,495.75,493.5,491.1,104322,51429368.75,01-NOV-2010,
RELIGAREGO,EQ,1987.9,1987.9,1947.2,1978,1978,1936,58,114322.75,01-NOV-2010,
RELINFRA,EQ,1044.8,1054.4,1042.55,1048.9,1048.25,1036,220354,231281295.75,01-NOV-2010,
RELMEDIA,EQ,249.8,254.5,247.05,248.85,249.65,244.9,582399,145692115.65,01-NOV-2010,
REMSONSIND,EQ,26.2,26.2,25,25.2,25.2,25.15,154,3855.55,01-NOV-2010,
RENUKA,EQ,92,94.7,91.65,94.3,94.4,90.55,6855977,640937746.55,01-NOV-2010,
REPRO,EQ,128,130.5,126,129.45,130.5,127.45,8092,1044023.6,01-NOV-2010,
RESPONIND,EQ,93.8,93.8,90.6,92,92.85,92.35,177859,16411657.95,01-NOV-2010,
RESURGERE,EQ,2.05,2.05,2,2.05,2.05,2,3704957,7508951.5,01-NOV-2010,
REVATHI,EQ,630,648.75,630,638.5,638.5,637.55,122,77364.8,01-NOV-2010,
RICOAUTO,EQ,27.1,27.35,26.55,26.7,26.6,26.85,210660,5673096.1,01-NOV-2010,
RIIL,EQ,873,875.7,864,868.45,867.9,860.05,105590,91881294.75,01-NOV-2010,
RJL,EQ,81,82,79.05,80.55,81.5,80.65,12699,1022398,01-NOV-2010,
RKFORGE,EQ,154,162.85,153,160.25,161.65,155.95,31907,5131693.6,01-NOV-2010,
RMCL,BE,19,19,18.1,18.55,18.5,18.85,31443,584067.3,01-NOV-2010,
RML,EQ,175,185,175,182.85,185,173.95,28112,5080093.25,01-NOV-2010,
RNRL,EQ,39,39.5,38.75,39.35,39.35,38.55,3987642,156407560.35,01-NOV-2010,
ROHITFERRO,EQ,56.1,58.6,56.1,57.85,57.85,55.8,123963,7165260.7,01-NOV-2010,
ROHLTD,EQ,79.9,83,78.5,80.05,80.55,76.9,46187,3683247.75,01-NOV-2010,
ROLTA,EQ,169.55,171.75,167,170.85,171.1,167.3,353109,59914555.4,01-NOV-2010,
ROMAN,EQ,54.35,54.35,51,51.95,52,51.35,6711,347655.15,01-NOV-2010,
RPGLIFE,EQ,106,108,103.1,103.6,103.5,104.45,15356,1608140.55,01-NOV-2010,
RPOWER,EQ,158.7,159.25,156.7,158.3,158,157.05,1289426,203965965.6,01-NOV-2010,
RSSOFTWARE,EQ,46.25,47.4,45.15,45.7,45.75,46,32989,1527569.45,01-NOV-2010,
RSWM,EQ,180.1,185,178,183.65,182.6,179.85,19961,3666545.2,01-NOV-2010,
RSYSTEMS,EQ,102,114.9,97.3,110.15,111.4,101.55,200716,22263306.05,01-NOV-2010,
RUBYMILLS,EQ,1250,1277.5,1243,1250.35,1254,1248.35,849,1061825,01-NOV-2010,
RUCHINFRA,EQ,31.7,33.4,31.25,31.7,31.75,32.4,53577,1716893.25,01-NOV-2010,
RUCHIRA,BE,17.95,19.85,17.95,18.05,17.95,18.9,89385,1647091.65,01-NOV-2010,
RUCHISOYA,EQ,133,134.4,131.95,132.95,133.25,132.1,173811,23202868.4,01-NOV-2010,
SABERORGAN,EQ,67.6,69.7,67.6,69.15,69,67.3,50372,3454324.15,01-NOV-2010,
SABTN,EQ,43.9,43.9,40.05,40.3,40.75,40.9,131071,5418630.1,01-NOV-2010,
SADBHAV,EQ,1485,1508.8,1436,1441.05,1440,1452.9,4340,6305311.9,01-NOV-2010,
SADBHAV,W1,920,920,920,920,920,900,9,8280,01-NOV-2010,
SAGCEM,EQ,130.5,134,128.15,130,128.15,129.4,1567,203308.25,01-NOV-2010,
SAHPETRO,EQ,22.5,22.7,22,22.25,22.2,22.55,39073,873608.75,01-NOV-2010,
SAIL,EQ,198,198,192.55,193.3,192.95,194.15,3230923,628425858.2,01-NOV-2010,
SAKHTISUG,EQ,59.9,59.9,58.6,59.3,59.5,58.25,92963,5512582,01-NOV-2010,
SAKSOFT,EQ,46.6,46.6,45.05,45.05,45.05,45,18,832.1,01-NOV-2010,
SAKTHIFIN,BE,15.45,15.45,14.05,14.5,14.5,14.75,3740,54060.8,01-NOV-2010,
SAKUMA,EQ,20,20,19.1,19.25,19.1,19.55,4403,85996.6,01-NOV-2010,
SAKUMA,P1,89.55,89.55,89.55,89.55,89.55,89,19,1701.45,01-NOV-2010,
SALORAINTL,BE,48.8,50,48.25,48.25,48.25,48.75,1201,58928.25,01-NOV-2010,
SALSTEEL,EQ,9.85,9.95,9.5,9.55,9.5,9.45,46462,449588.1,01-NOV-2010,
SAMBANDAM,EQ,171,171,149,150.3,149.55,144.45,6589,1000767.15,01-NOV-2010,
SAMBHAAV,EQ,2.85,2.9,2.85,2.9,2.9,3.05,1530,4387,01-NOV-2010,
SAMTEL,EQ,16.95,16.95,16,16,16.05,16,105341,1703292.45,01-NOV-2010,
SANDESH,EQ,235.2,245,235.2,245,245,238,256,62659,01-NOV-2010,
SANGAMIND,EQ,50.75,50.75,46.9,47.15,47.5,47.7,36881,1765688.5,01-NOV-2010,
SANGHIIND,EQ,27.35,27.75,26.4,27.35,27.3,27.15,8008,218453.65,01-NOV-2010,
SANGHIPOLY,EQ,2.65,2.65,2.55,2.6,2.6,2.6,71511,185663.05,01-NOV-2010,
SANGHVIMOV,EQ,185,185,178.45,179.8,178.6,184.5,7835,1417770,01-NOV-2010,
SANWARIA,EQ,134.9,137,129,133.95,136,130.7,52189,6954451.15,01-NOV-2010,
SARDAEN,EQ,270,272,261,262.65,262,265.35,48512,12914858.1,01-NOV-2010,
SAREGAMA,BE,97.6,97.6,91.05,91.65,91.65,94.15,3352,311717.1,01-NOV-2010,
SARLAPOLY,EQ,153,153,151,151,151,151.05,833,125785,01-NOV-2010,
SASKEN,EQ,190,192.55,185.55,188.25,187.85,187.75,189644,35830444.25,01-NOV-2010,
SATHAISPAT,EQ,54.5,55.7,54.5,55.15,55.4,54,38531,2121864.6,01-NOV-2010,
SATYAMCOMP,EQ,79.5,80.1,79.35,79.75,79.8,78.95,3276052,261026423.1,01-NOV-2010,
SAVERA,EQ,51.9,51.9,47,48.2,49,51.35,14042,695004.25,01-NOV-2010,
SB&TINTL,EQ,12.55,12.55,12.1,12.2,12.3,12,15202,185148,01-NOV-2010,
SBBJ,EQ,729.9,738.5,729.9,732.35,731,721.65,6051,4441464.05,01-NOV-2010,
SBIGETS,EQ,1973.9,1973.9,1945.3,1969.8,1967,1936.95,2944,5784192.75,01-NOV-2010,
SBIN,EQ,3195,3218,3168.2,3198.45,3194,3150.6,878317,2809364087.45,01-NOV-2010,
SBT,EQ,900.05,900.05,890.1,893.4,890.1,889.65,5663,5067418.05,01-NOV-2010,
SCI,EQ,175.1,178.7,175,176.35,175.55,173.1,374856,66320493.15,01-NOV-2010,
SEAMECLTD,EQ,153.4,156.25,153.1,153.45,153.1,152.3,17895,2762125.45,01-NOV-2010,
SEINVEST,EQ,24,24.75,22.7,24.55,24.65,23.55,188681,4631767.95,01-NOV-2010,
SELAN,EQ,342,353.5,339.2,350.3,353.5,338.55,75639,26232794.4,01-NOV-2010,
SELMCL,EQ,45,46.7,41.2,41.55,42,44.55,16363160,707804639.9,01-NOV-2010,
SESAGOA,EQ,326,329.9,324.15,328.05,329,321.6,3268097,1069410317.05,01-NOV-2010,
SESHAPAPER,EQ,250,265,248,255.2,258,257,15442,3924578.85,01-NOV-2010,
SEZALGLASS,BE,10,10.7,10,10.5,10.45,10.15,459961,4849473.35,01-NOV-2010,
SGFL,BE,9.5,9.5,9,9.1,9,9.4,5711,52043.5,01-NOV-2010,
SGJHL,EQ,206,209.8,204.9,207.9,209.5,203.6,180468,37484943.9,01-NOV-2010,
SGL,EQ,8.1,8.1,7.6,7.85,7.85,7.7,5120,40722,01-NOV-2010,
SHAHALLOYS,EQ,19.7,20.8,19.25,19.9,20.65,19.25,3700,73237.2,01-NOV-2010,
SHALPAINTS,EQ,355,355,343.05,349,349,354,335,116218.6,01-NOV-2010,
SHANTIGEAR,EQ,48.35,48.8,47.65,48.1,48,47.25,182728,8808953.55,01-NOV-2010,
SHARIABEES,EQ,133,136,133,136,136,133,561,76291.9,01-NOV-2010,
SHARRESLTD,EQ,97,104.45,92.45,95.9,95.7,97,1426,136878.4,01-NOV-2010,
SHASUNCHEM,EQ,83.45,84.8,82.2,83.9,84.25,82.6,100763,8393431.5,01-NOV-2010,
SHILPAMED,EQ,322.05,327,318,318.7,320,326.65,18807,6031915.05,01-NOV-2010,
SHIV-VANI,EQ,432.7,432.95,420.6,422.35,423.45,427.35,27769,11834714.85,01-NOV-2010,
SHIVAMAUTO,EQ,152.5,155,151.35,153.3,153.5,152.65,3923,604227.9,01-NOV-2010,
SHIVTEX,EQ,58.65,59,56.65,57,56.65,57.2,15511,893521.05,01-NOV-2010,
SHLAKSHMI,EQ,152,154.4,151.3,151.7,151.55,151.25,43319,6609553.35,01-NOV-2010,
SHOPERSTOP,EQ,708,722.5,699.5,707.55,709,694,50401,35939699.65,01-NOV-2010,
SHPRE,EQ,11.05,11.45,11.05,11.25,11.35,11.1,3249,36375.05,01-NOV-2010,
SHREEASHTA,EQ,41,44.4,40.9,43.9,44.35,40.35,17337116,749033002.3,01-NOV-2010,
SHREECEM,EQ,2119,2136.85,2100,2116.1,2115,2085.4,29491,62246134.15,01-NOV-2010,
SHREERAMA,BE,7,7,6.4,6.95,7,6.65,15943,108937.9,01-NOV-2010,
SHRENUJ,EQ,47,51.6,47,49.75,49.9,47.3,72672,3631427.25,01-NOV-2010,
SHREYANIND,EQ,35.65,38,35.65,36.8,37.65,36,827,29982.9,01-NOV-2010,
SHREYAS,BE,50,52,47.55,48.05,49.7,50,5654,281414.05,01-NOV-2010,
SHRIRAMCIT,EQ,700,700,678,682.85,685.95,695,3524,2406091.4,01-NOV-2010,
SHRIRAMEPC,EQ,248.35,255.75,248.2,252.1,252,248.5,1248,314090.25,01-NOV-2010,
SHYAMTEL,EQ,70,71,69.25,69.55,69.35,68.2,27344,1908418.7,01-NOV-2010,
SICAGEN,EQ,24,25.6,24,24.45,24.4,24.05,81885,2015534.25,01-NOV-2010,
SICAL,EQ,63,67.9,63,67.1,67.15,62.65,182729,12165740.05,01-NOV-2010,
SIEMENS,EQ,825.5,839.9,821.2,828.75,828,817.55,195104,162298181.35,01-NOV-2010,
SIL,EQ,43.3,44.1,43,43.2,43.7,42.4,14103,612136.1,01-NOV-2010,
SILINV,EQ,128,128,126,126,126,128.35,510,64596,01-NOV-2010,
SIMBHSUGAR,EQ,42.9,43.8,42,42.3,42.5,42.85,20332,865907.6,01-NOV-2010,
SIMPLEX,EQ,301.3,306.95,300,300.7,300,300,80,24084.85,01-NOV-2010,
SIMPLEXINF,EQ,486.1,490,481.3,482.85,481.3,493.95,249,121193.05,01-NOV-2010,
SINTEX,EQ,205.95,212.65,204.5,211.2,211.9,204.15,941167,197992837.95,01-NOV-2010,
SIRPAPER,EQ,59.2,59.8,58.5,58.9,59,58.25,6271,369856.55,01-NOV-2010,
SITASHREE,EQ,8.85,9,8.5,8.9,9,8.85,20844,183787.75,01-NOV-2010,
SIYSIL,EQ,373.7,419,373,401.15,402.15,366.95,208864,83776603.15,01-NOV-2010,
SJVN,EQ,24.1,24.4,24.1,24.3,24.35,24.05,670677,16290754.75,01-NOV-2010,
SKFINDIA,EQ,590,603,570,576.4,573.6,584.25,14178,8284952.8,01-NOV-2010,
SKMEGGPROD,EQ,14.6,14.6,14.3,14.5,14.5,14.55,18630,269565.05,01-NOV-2010,
SKSMICRO,EQ,1049.9,1049.9,1015,1025.8,1015.5,1027.75,182433,188006131.35,01-NOV-2010,
SKUMARSYNF,EQ,81.45,81.45,78.9,79.35,79.35,80.95,2966651,237316920.75,01-NOV-2010,
SMARTLINK,EQ,63,63.25,62.2,62.65,62.35,63,11305,710800.8,01-NOV-2010,
SMPL,EQ,30.1,32.3,29.85,31.9,31.95,29.65,1667835,52397946.7,01-NOV-2010,
SMSPHARMA,EQ,195.05,197.9,190,190.6,190.1,195.4,3202,617415,01-NOV-2010,
SOBHA,EQ,372.9,372.9,363.3,366.85,366.5,361.15,41631,15258365.2,01-NOV-2010,
SOFTPRO,BE,383.7,384.15,372,382.25,383.5,365.85,39697,14946410.2,01-NOV-2010,
SOLARINDS,EQ,535,550,530,537.8,535,528.4,6030,3271373.15,01-NOV-2010,
SOMANYCERA,EQ,279.9,280,275,278.45,279.5,272.65,1360,377719.65,01-NOV-2010,
SOMATEX,EQ,13.2,14.5,13,13.35,13.35,12.95,240448,3240177.4,01-NOV-2010,
SONASTEER,EQ,20.9,21.5,20.25,20.5,20.45,20.1,329284,6759708,01-NOV-2010,
SONATSOFTW,EQ,60.9,61.95,60.25,61.25,61.85,59.4,5092628,311496351.3,01-NOV-2010,
SOTL,EQ,535,573.9,535,565.85,570,514.65,25327,14159340.5,01-NOV-2010,
SOUISPAT,EQ,11.55,11.65,11,11.35,11.5,11.1,3098855,35076797.4,01-NOV-2010,
SOUTHBANK,EQ,28,28.7,27.85,28.45,28.65,27.55,6041691,171436391.3,01-NOV-2010,
SPARC,EQ,93.25,93.7,92.55,92.75,92.8,92.5,110251,10256564.9,01-NOV-2010,
SPECTACLE,EQ,163.9,163.95,162.4,162.5,162.5,162.45,178792,29066741.3,01-NOV-2010,
SPENTEX,BE,21.05,22,21,21.45,21.1,21.55,23076,493145.85,01-NOV-2010,
SPIC,EQ,24.6,25.5,24.4,25.25,25.35,24.25,908589,22799622.85,01-NOV-2010,
SPICEMOBIL,EQ,125.45,130.2,125.45,126.7,128,123.95,618320,79523452.9,01-NOV-2010,
SPLIL,EQ,9.4,9.4,8.5,9,9,8.5,6893,61090.9,01-NOV-2010,
SPMLINFRA,EQ,291,291,280.3,282.35,284,287.1,3401,966841.35,01-NOV-2010,
SREINFRA,EQ,134.5,136.95,131.2,133.6,134.5,132.25,2274463,305445684.55,01-NOV-2010,
SRF,EQ,409,423.9,407,417.5,419.05,402.45,446547,186295558.1,01-NOV-2010,
SRGINFOTEC,EQ,0.75,0.75,0.65,0.65,0.7,0.7,60845,41438.25,01-NOV-2010,
SRHHLINDST,EQ,6.25,6.65,6.25,6.45,6.45,6.2,10845,70400.1,01-NOV-2010,
SRHHYPOLTD,EQ,57.9,57.95,57.9,57.95,57.95,55.15,2223,128807.85,01-NOV-2010,
SRICHAMUND,EQ,65.75,73,65.75,68.65,73,72,261,17719.5,01-NOV-2010,
SRTRANSFIN,EQ,892,898,855,864.7,867,881.4,241765,211836075.15,01-NOV-2010,
SRTRANSFIN,N1,1077,1077,1049.1,1056.79,1055,1057,346,367047.7,01-NOV-2010,
SRTRANSFIN,N2,1099,1099,1087.3,1092.95,1092.95,1091.03,25,27346.25,01-NOV-2010,
SRTRANSFIN,N3,1239.64,1239.64,1135.21,1144.99,1145,1138.55,397,454384.8,01-NOV-2010,
SRTRANSFIN,N5,1034.03,1034.03,1034.03,1034.03,1034.03,1045.01,1,1034.03,01-NOV-2010,
SRTRANSFIN,N6,1020,1020,1020,1020,1020,1015,5,5100,01-NOV-2010,
SRTRANSFIN,N9,1016,1020,1015.07,1015.07,1015.07,1018,1021,1037337.4,01-NOV-2010,
SRTRANSFIN,NC,1044.9,1044.9,1044.9,1044.9,1044.9,1040.48,35,36571.5,01-NOV-2010,
SRTRANSFIN,NF,1014.2,1015,1008,1008,1008,1002.65,510,517256.6,01-NOV-2010,
SRTRANSFIN,NI,1039,1040,1039,1040,1040,1036,200,207979,01-NOV-2010,
SSWL,EQ,418,431.9,405,415.9,413.95,416.7,262728,110250549.85,01-NOV-2010,
STAN,DR,116,117.55,116,116.7,116.35,115.7,124008,14498131.15,01-NOV-2010,
STAR,EQ,425.8,432.1,422.5,426.9,428.95,420.8,73752,31589503.2,01-NOV-2010,
STARPAPER,EQ,40,40.4,38.4,38.65,38.6,39,25768,1019272.95,01-NOV-2010,
STCINDIA,EQ,378.5,384,376,381.4,383.9,374.9,87611,33199697.15,01-NOV-2010,
STER,EQ,172.45,172.5,169.35,170.85,171,168.65,2244857,383081115.35,01-NOV-2010,
STERLINBIO,EQ,109,110.95,108,110.25,109.55,109.2,266577,29368249.8,01-NOV-2010,
STERTOOLS,EQ,146,150,143.15,143.85,143.15,143,3363,493675.2,01-NOV-2010,
STINDIA,BE,29,29,27.8,27.8,27.8,29.25,2175,60466.2,01-NOV-2010,
STOREONE,BE,28.75,29.7,28.75,29.65,29.65,29.5,6801,198637.35,01-NOV-2010,
STRTECH,EQ,83.1,84.9,82.1,83.45,83.35,82.65,848035,70753903.45,01-NOV-2010,
SUBEX,EQ,74.9,75.7,74,74.45,74.85,73.8,1077133,80624958.9,01-NOV-2010,
SUBROS,EQ,49.2,49.95,47.5,48.1,48.35,48.8,108622,5286117.85,01-NOV-2010,
SUDARSCHEM,EQ,601.1,610,600,609.15,602,610,863,522827.5,01-NOV-2010,
SUJANATOW,EQ,180.7,180.85,175.5,178.35,177.75,177.85,603575,107652615.5,01-NOV-2010,
SUJANAUNI,EQ,9.6,9.9,9.6,9.7,9.75,9.6,120576,1179263.1,01-NOV-2010,
SUNCLAYTON,EQ,228.15,244.95,223.2,227.15,227,236.55,15113,3430334.15,01-NOV-2010,
SUNDARAM,EQ,45.05,48.6,44.8,45.4,45,44.8,5140,232348.3,01-NOV-2010,
SUNDARMFIN,EQ,685,689,675.55,684.75,680,686.3,34222,23409251.8,01-NOV-2010,
SUNDRMBRAK,EQ,216,219.85,215.05,216.05,216,216.25,847,183496.4,01-NOV-2010,
SUNDRMFAST,EQ,64.9,65.9,63,63.35,63.75,63.1,126515,8087858.1,01-NOV-2010,
SUNFLAG,EQ,31,31,29.35,29.6,29.65,29.65,109901,3251247.15,01-NOV-2010,
SUNILHITEC,EQ,175,178.8,170.55,171.35,171.45,173.35,9192,1593188.2,01-NOV-2010,
SUNPHARMA,EQ,2169.5,2209,2149,2190.7,2201.15,2110.05,218657,474120019.9,01-NOV-2010,
SUNTECK,EQ,685,687,682,682.75,682.7,679.25,44358,30295527.85,01-NOV-2010,
SUNTV,EQ,501,507,500.1,502.25,503,499.3,54537,27384580.3,01-NOV-2010,
SUPER,EQ,410.1,416,405,409.35,410,411.6,3287,1349235.75,01-NOV-2010,
SUPERSPIN,EQ,18.5,18.95,18.4,18.45,18.4,18.15,27725,517346.45,01-NOV-2010,
SUPPETRO,EQ,68,68.3,65.1,65.4,66.5,66.4,50112,3313806.55,01-NOV-2010,
SUPRAJIT,EQ,22.95,22.95,22.3,22.55,22.3,22.15,44716,1006381.55,01-NOV-2010,
SUPREMEIND,EQ,147.9,159.35,147.9,152.3,152.9,145.05,98480,14999328.1,01-NOV-2010,
SUPREMEINF,EQ,286,305,282,289.5,288,280.5,328356,96532800.55,01-NOV-2010,
SURAJDIAMN,EQ,66,66.1,63.5,64.2,64.75,64.75,48556,3144688.15,01-NOV-2010,
SURANACORP,BE,121.9,122.4,120.05,122.4,122.4,116.55,10561,1290418.05,01-NOV-2010,
SURANAIND,EQ,305,307.9,304.9,307.85,307.9,305.95,287,87821.4,01-NOV-2010,
SURANAT&P,EQ,19.05,19.2,18.75,18.95,18.8,18.75,28117,532769.1,01-NOV-2010,
SURYAJYOTI,EQ,46.45,46.45,44.5,45.6,46.15,44.7,83644,3794876.1,01-NOV-2010,
SURYALAXMI,EQ,134.25,136.75,133.65,134.6,134.2,134.7,24793,3358181.15,01-NOV-2010,
SURYAPHARM,EQ,325,338.95,325,329,328,323.4,214107,71238624.9,01-NOV-2010,
SURYAROSNI,EQ,115.7,115.75,114,114.8,115.25,113.8,73237,8413910.35,01-NOV-2010,
SUTLEJTEX,EQ,338,342,328.2,333.55,330.1,330.35,14050,4703044.1,01-NOV-2010,
SUVEN,EQ,28.5,28.9,28,28.2,28.05,28.45,100359,2856231.15,01-NOV-2010,
SUZLON,EQ,56,58.9,55.1,58.45,58.8,55.45,22149136,1271629601.15,01-NOV-2010,
SWARAJENG,EQ,476.1,494.1,468.25,490.2,491,472.1,21481,10427075.75,01-NOV-2010,
SWARAJMAZD,EQ,369.75,374,360.1,361.45,361,364.85,8272,3036476.95,01-NOV-2010,
SYNCOM,EQ,51.75,51.9,50.4,50.55,50.6,50.7,66982,3417955.3,01-NOV-2010,
SYNDIBANK,EQ,141.5,143.5,139.3,142,141.95,138.8,2041523,289324301.35,01-NOV-2010,
TAINWALCHM,EQ,26.75,27.3,26.55,26.55,26.55,26.6,3114,83361.65,01-NOV-2010,
TAJGVK,EQ,153.95,154,149,149.45,149.45,153.05,51884,7846453.2,01-NOV-2010,
TAKE,EQ,35.8,35.8,34.55,34.7,34.6,34.75,235966,8222511.2,01-NOV-2010,
TALBROAUTO,EQ,76.75,78.95,76.5,76.6,76.5,76.75,2129,163890.6,01-NOV-2010,
TALWALKARS,EQ,239,242,234.15,236.25,236,237.4,62208,14790836.05,01-NOV-2010,
TANFACIND,EQ,32.95,32.95,32,32,32,32.15,203,6497.8,01-NOV-2010,
TANLA,EQ,26.55,26.8,25.65,25.9,25.95,25.8,256691,6694317,01-NOV-2010,
TANTIACONS,EQ,94.4,94.85,91.5,93.15,93.4,90.6,35906,3353184.5,01-NOV-2010,
TARAPUR,EQ,34.5,34.85,34.1,34.5,34.35,34.1,44019,1517564.95,01-NOV-2010,
TATACAP,N1,113750,113750,113500,113500,113500,113750.03,3,341000,01-NOV-2010,
TATACAP,N2,1160,1160,1160,1160,1160,1160,140,162400,01-NOV-2010,
TATACAP,N3,1179,1183.99,1175.06,1181.61,1179,1182.59,1080,1273273.68,01-NOV-2010,
TATACAP,N4,1277.99,1277.99,1255,1257.08,1259,1259.02,1786,2247906.39,01-NOV-2010,
TATACHEM,EQ,395,398,374.25,386.15,387,390.45,1723052,661844435,01-NOV-2010,
TATACOFFEE,EQ,619.7,647,609.1,614.4,615.5,605.35,24977,15437357.45,01-NOV-2010,
TATACOMM,EQ,311.7,312,303.2,304.4,305.5,306.25,177367,54380773.65,01-NOV-2010,
TATAELXSI,EQ,289.9,289.9,280,285.7,285.5,277.25,300261,85653910.55,01-NOV-2010,
TATAGLOBAL,EQ,126,128.4,123,124.55,124.5,124.65,1621553,204444151.8,01-NOV-2010,
TATAINVEST,EQ,580.05,591.9,580.05,590,590.25,581.3,9302,5466364.8,01-NOV-2010,
TATAMETALI,EQ,136,137.8,135,135.65,136.4,135.15,35417,4838549.05,01-NOV-2010,
TATAMOTORS,EQ,1179.6,1184.85,1163.3,1170.6,1171.8,1159,1558623,1828313883.65,01-NOV-2010,
TATAMTRDVR,EQ,849.9,862.4,845.55,850.7,849.5,840.4,207070,176648280.5,01-NOV-2010,
TATAPOWER,EQ,1397,1429.85,1394.35,1404.65,1397.2,1397.35,115691,163645638.25,01-NOV-2010,
TATASPONGE,EQ,376,388,375,383.6,384,373.95,22618,8666768.2,01-NOV-2010,
TATASTEEL,EQ,600.25,602.95,590.6,591.9,592.2,589.4,5511066,3285520574.9,01-NOV-2010,
TCI,BE,128.95,130.95,127.5,130.95,130.95,124.7,22730,2960789.2,01-NOV-2010,
TCIFINANCE,BE,42,43.9,41.05,43.8,43.9,43.15,3215,137065.85,01-NOV-2010,
TCS,EQ,1052.05,1066.4,1049.1,1053.4,1057,1052.9,573974,606366110,01-NOV-2010,
TECHM,EQ,735,742,731,735.6,735,729.25,76411,56370838.1,01-NOV-2010,
TECHNOFAB,EQ,227.8,228,220,224.15,224,222.4,16051,3599823.95,01-NOV-2010,
TECPRO,EQ,397.15,437,391,424.55,428,389.15,1498245,629040440.75,01-NOV-2010,
TELEDATAIT,EQ,1.05,1.05,1,1.05,1.05,1,684929,701110.55,01-NOV-2010,
TEXMACOLTD,BE,94.4,94.4,62.3,65.6,65,161.7,435320,29228472.45,01-NOV-2010,
TEXMOPIPES,EQ,62.1,63.35,62.1,62.4,62.9,61.95,31915,2000306.65,01-NOV-2010,
TFCILTD,EQ,36.3,41.35,36.2,40.3,40.5,36.3,2174230,86159086.55,01-NOV-2010,
TFL,BE,38.45,38.5,37.05,38.45,38.5,37.7,1107,42153.75,01-NOV-2010,
THANGAMAYL,EQ,162,166,162,164.65,165.8,161.4,36406,5952900.45,01-NOV-2010,
THEMISMED,EQ,304.45,309,295,298,298,292.55,1793,542121.65,01-NOV-2010,
THERMAX,EQ,874.8,895,843,884.5,882.1,861.9,79156,68552007.75,01-NOV-2010,
THINKSOFT,EQ,114.45,114.45,109.2,109.85,109.95,110.15,69358,7665212.05,01-NOV-2010,
THIRUSUGAR,EQ,167.05,175,167.05,174.6,175,170.6,674,116670.5,01-NOV-2010,
THOMASCOOK,EQ,68,68.1,67.05,67.7,67.9,66.85,173427,11741088.9,01-NOV-2010,
TI,EQ,103,103.4,94.3,98.55,99,99.45,255086,24982391.6,01-NOV-2010,
TIDEWATER,EQ,9400,9400,7726.9,8807.6,8808,9424.15,9904,88004338.3,01-NOV-2010,
TIIL,EQ,86.4,86.4,80.4,81.25,80.6,83.65,23210,1921550,01-NOV-2010,
TIL,EQ,715.55,725.8,702,709,702,715.55,17896,12894615.25,01-NOV-2010,
TIMESGTY,EQ,62.4,63.7,62.4,63.7,63.7,57.9,1903,120415.1,01-NOV-2010,
TIMETECHNO,EQ,61.25,61.7,60.5,61.45,61.15,60.45,409684,25066385.2,01-NOV-2010,
TIMKEN,EQ,194.55,196.35,191.05,192.05,192.05,193.3,104699,20233065.9,01-NOV-2010,
TINPLATE,EQ,78,78,76.4,76.65,76.5,76.35,125100,9609591.6,01-NOV-2010,
TIPSINDLTD,EQ,40.6,42.5,40.6,41.75,41.7,40.95,15842,665501.95,01-NOV-2010,
TIRUMALCHM,EQ,129,129,126.35,127.45,127.95,125.3,17380,2214010.55,01-NOV-2010,
TITAN,EQ,3577,3829,3564.95,3792.5,3829,3552.15,433334,1609477529.05,01-NOV-2010,
TITAN,N1,250.1,274,250.1,258.65,250.98,246.13,18,4606.94,01-NOV-2010,
TNPETRO,EQ,20.3,20.5,19.85,20.45,20.15,19.9,95006,1928431.25,01-NOV-2010,
TNPL,EQ,166,166,153.5,154.2,154.2,151.7,45186,7008345,01-NOV-2010,
TNTELE,BE,9.75,9.75,9.6,9.7,9.7,9.25,500,4850,01-NOV-2010,
TODAYS,BE,11.3,11.95,11.2,11.55,11.35,11.45,14537,167781.8,01-NOV-2010,
TOKYOPLAST,EQ,17.15,17.5,15.75,16.05,15.8,16.15,7287,118124.35,01-NOV-2010,
TORNTPHARM,EQ,552,561,545,555.65,560,552.95,22180,12275981.25,01-NOV-2010,
TORNTPOWER,EQ,292.2,295,280.05,284.75,288.7,291.3,384615,110535295.55,01-NOV-2010,
TREADS,EQ,11.2,11.2,10.9,10.9,10.9,10.9,23244,257166.4,01-NOV-2010,
TRENT,EQ,1012.4,1029.5,1000,1010.95,1014,1014.9,18076,18266556.2,01-NOV-2010,
TRENT,Q1,930,940,910,940,940,910,28,25755,01-NOV-2010,
TRENT,Q2,900,900,890,890,890,900,18,16030,01-NOV-2010,
TRF,EQ,660,674.5,645.1,655.2,649,652.35,25676,17011996.45,01-NOV-2010,
TRICOM,EQ,16.35,18.5,16.15,17.45,17.25,17.05,142558,2485496.4,01-NOV-2010,
TRIGYN,EQ,28.45,31.2,28.45,29.3,29.1,28.25,337084,10002942.35,01-NOV-2010,
TRIL,EQ,379.7,379.7,360.5,363.25,364,370.95,27093,9929928.7,01-NOV-2010,
TRIVENI,EQ,120.4,123.6,120.4,122.1,121.6,119.8,264235,32306159.5,01-NOV-2010,
TTKHEALTH,EQ,410,419,410,412.55,412.45,411.8,2345,971414.05,01-NOV-2010,
TTKPRESTIG,EQ,1402.6,1426,1362.6,1391.9,1383,1394.85,97050,136106936.6,01-NOV-2010,
TTL,EQ,39,40.75,39,40.3,40.25,39.05,51414,2073179.35,01-NOV-2010,
TTML,EQ,22.55,22.95,22.5,22.75,22.85,22.5,1348643,30751644.4,01-NOV-2010,
TUBEINVEST,EQ,151,156.55,151,153.9,153.5,150.95,115514,17806659.15,01-NOV-2010,
TULIP,EQ,178.5,181.45,178.4,180,180,178.45,256948,46311952.9,01-NOV-2010,
TULSI,EQ,58.85,60.9,57.25,58.45,58.45,59.9,3255808,191467244.7,01-NOV-2010,
TULSYAN,EQ,80.15,82.9,78.4,80.8,80.4,78.75,2607,210436.15,01-NOV-2010,
TV-18,EQ,88,88.25,86.65,86.75,86.65,86.85,111647,9719528.9,01-NOV-2010,
TVSELECT,EQ,33.15,37.05,32.5,35.15,35,32.4,244636,8674697.75,01-NOV-2010,
TVSMOTOR,EQ,74,79.35,74,77.75,77.9,73.05,6127250,475026600.5,01-NOV-2010,
TVSSRICHAK,EQ,338,338,333,333,333,337.95,457,152313,01-NOV-2010,
TVTODAY,EQ,79.7,81,79.5,80.3,80.55,79,83853,6723215.05,01-NOV-2010,
TWILITAKA,EQ,173.8,174.75,172,173.55,173.05,171,9633,1671728,01-NOV-2010,
TWL,EQ,495.05,507,495.05,500.55,500,494.9,42937,21581539.9,01-NOV-2010,
UBENGG,EQ,190,202.4,190,199.3,202,187.95,236446,46989499.45,01-NOV-2010,
UBHOLDINGS,EQ,292.4,292.8,288.2,291.25,292.05,286.6,55802,16222663.25,01-NOV-2010,
UBL,EQ,450,452.8,441.2,445.25,446.6,447.3,26607,11886386.7,01-NOV-2010,
UCALFUEL,EQ,86.5,89,86.1,86.45,86.7,85.15,30323,2645984.1,01-NOV-2010,
UCOBANK,EQ,125.5,136.5,125,134.95,134.3,125.5,12118952,1603186199.6,01-NOV-2010,
UFLEX,EQ,306.2,309.8,302.75,305.2,305.95,303.65,1125603,344262268.45,01-NOV-2010,
UGARSUGAR,EQ,17,17.45,17,17.05,17.25,17,13231,227321.8,01-NOV-2010,
ULTRACEMCO,EQ,1088.35,1107.9,1085.6,1102.5,1100,1099.9,238264,262059462.4,01-NOV-2010,
UMESLTD,EQ,44.05,44.75,43.4,43.7,43.4,43.5,24400,1073128.8,01-NOV-2010,
UNICHEMLAB,EQ,230,232.5,228.3,228.85,228.4,229.8,57496,13268503.8,01-NOV-2010,
UNIENTER,EQ,58.4,61.85,53.1,55.75,56,56.2,1013968,58831193.95,01-NOV-2010,
UNIONBANK,EQ,384.9,384.9,374,381.1,380.65,377.95,823924,313086279.25,01-NOV-2010,
UNIONBANK,IL,380,384,380,381.95,0.0,411,89347,34084024.15,01-NOV-2010,
UNIPHOS,EQ,202,205.75,201.6,204.25,203.35,199.3,1610391,328242143.05,01-NOV-2010,
UNIPLY,EQ,19.3,19.3,18.6,18.7,19,18.65,6520,122995,01-NOV-2010,
UNITECH,EQ,89,89.7,87.75,89.25,89.2,86.8,11278869,1001770324.45,01-NOV-2010,
UNITEDBNK,EQ,127.75,129.4,127.2,128.35,128.2,126.55,394947,50852627.65,01-NOV-2010,
UNITEDTEA,EQ,140,142.9,140,140,140,137,302,42282.9,01-NOV-2010,
UNITY,EQ,105,106.35,104.8,105.45,105.7,104.75,34533,3646680.25,01-NOV-2010,
UNIVCABLES,BE,94,97.75,92,92.45,92,94.4,23444,2193692.65,01-NOV-2010,
UPERGANGES,EQ,60.5,60.8,58.15,59.05,59.4,59.15,8363,495142.75,01-NOV-2010,
USHAMART,EQ,87.15,88.45,85.55,86.05,86.3,86.9,244711,21311780.75,01-NOV-2010,
USHERAGRO,EQ,91.25,93.2,91.15,92.2,91.25,90.75,354284,32692112,01-NOV-2010,
UTISUNDER,EQ,950,1035,891.05,903.02,891.05,949.99,420,385891.13,01-NOV-2010,
UTTAMSTL,EQ,153.75,156,151.3,152.9,152.95,152.95,57729,8860495.8,01-NOV-2010,
UTTAMSUGAR,EQ,54.75,55.65,53.65,54.4,54.5,53.75,16022,871662.25,01-NOV-2010,
UTVSOF,EQ,580,593.35,565,588.2,588.15,576.4,237757,138887012.3,01-NOV-2010,
VAIBHAVGEM,EQ,36.05,36.9,36.05,36.55,36.75,36.15,4349,159114.15,01-NOV-2010,
VAKRANSOFT,EQ,305,309.9,304.1,305.4,304.2,302.45,49317,15127961.05,01-NOV-2010,
VALECHAENG,EQ,169.8,175.5,168,173.6,175,167.1,59362,10194522.9,01-NOV-2010,
VALUEIND,EQ,28.75,28.75,27.2,27.5,27.2,27.45,22085,612340.2,01-NOV-2010,
VARDHACRLC,EQ,13.4,13.7,13,13.25,13.3,13.5,189905,2549325.65,01-NOV-2010,
VARDMNPOLY,BE,78,79.85,77.2,79.2,77.2,79.05,8513,667403.15,01-NOV-2010,
VARUN,EQ,222,227.4,221.5,225,225.6,221.15,126771,28403978.85,01-NOV-2010,
VARUNSHIP,EQ,41.75,41.85,41.35,41.45,41.6,41.25,191089,7941645.25,01-NOV-2010,
VASCONEQ,EQ,165.6,169.25,163.5,165.9,164.3,162.35,19901,3312007.2,01-NOV-2010,
VATECH,EQ,1649.9,1679.8,1620,1647.6,1674,1633.65,36747,60394387.45,01-NOV-2010,
VENKEYS,EQ,849,849.85,824,833.5,835.8,835.2,20209,16925200.7,01-NOV-2010,
VENUSREM,EQ,298.8,298.8,290.05,291.75,291.25,293.3,8916,2625373.75,01-NOV-2010,
VESUVIUS,EQ,300,300,294,299.2,300,295.35,3114,927054.25,01-NOV-2010,
VGUARD,EQ,188.9,190,185.3,188.35,188,187.05,63509,11964243.1,01-NOV-2010,
VHL,EQ,456,468,452,452.25,452,460,480,218781.2,01-NOV-2010,
VICEROY,EQ,43.05,43.95,42.45,42.65,42.5,43.2,49518,2129885.5,01-NOV-2010,
VIDEOIND,EQ,257.7,268.7,255.95,260.6,260.8,253.65,1567027,412543411.05,01-NOV-2010,
VIJAYABANK,EQ,107,110.5,107,110,109.9,106.75,4883237,533640718.5,01-NOV-2010,
VIJAYTEX,EQ,33.7,33.9,29,29.45,29.3,32.2,121644,3751931.6,01-NOV-2010,
VIJSHAN,EQ,36.95,37,36.35,36.55,37,36.35,4111,151408,01-NOV-2010,
VIKASHMET,EQ,16.9,19.7,16.9,18.95,19.05,16.4,225488,4279780.25,01-NOV-2010,
VIMTALABS,BE,40.55,41.25,38.75,40.65,40,40.7,53217,2137789.1,01-NOV-2010,
VINATIORGA,EQ,85,85,78.5,79.75,80.15,83.65,126976,10237055.65,01-NOV-2010,
VINDHYATEL,EQ,355,367.45,355,359.1,359,357.1,398,143145.65,01-NOV-2010,
VINYLINDIA,EQ,17.25,17.25,15.8,16.7,16.85,16.4,8219,137197.65,01-NOV-2010,
VIPIND,EQ,595,606.35,591,595.7,592,590.1,288469,172574905.25,01-NOV-2010,
VIPUL,EQ,20.5,21.1,20.5,20.75,20.75,20.55,14397,300873.5,01-NOV-2010,
VISAKAIND,EQ,143.75,144,140.55,142.85,142.15,140.2,31636,4503900.2,01-NOV-2010,
VISASTEEL,EQ,40.65,41.8,39.65,41.5,41.7,40.25,211568,8741242.6,01-NOV-2010,
VISESHINFO,BE,9.45,10,9.45,9.55,9.55,9.75,5620,54394,01-NOV-2010,
VISHALRET,EQ,40.5,41.1,39.4,40.1,39.9,40.2,73344,2961465.05,01-NOV-2010,
VISUINTL,BE,4.6,4.85,4.6,4.65,4.65,4.75,10281,47786.9,01-NOV-2010,
VIVIMEDLAB,EQ,320.3,321.95,311.05,316.35,318.8,317.2,31360,9935064.75,01-NOV-2010,
VLSFINANCE,EQ,22.8,22.8,21.1,21.35,21.5,21.75,65528,1439615.25,01-NOV-2010,
VOLTAMP,EQ,876.5,879,856.95,860.5,861,874.45,22823,19700720.9,01-NOV-2010,
VOLTAS,EQ,248,248.05,242.1,242.45,242.5,245.2,696286,170251488.65,01-NOV-2010,
VSTIND,EQ,614.05,626.65,600.1,612.3,605,614.05,1852,1133952.9,01-NOV-2010,
VTL,EQ,347.7,357.8,343,355.5,357,337,59178,20864393.5,01-NOV-2010,
WABCO-TVS,EQ,1149,1149,1100,1104.85,1105.05,1119.2,2411,2683986.1,01-NOV-2010,
WALCHANNAG,EQ,205.9,207.35,203.05,204.5,204.7,204.05,45433,9324320.8,01-NOV-2010,
WANBURY,EQ,72.5,75,70,70.3,70.15,74.45,69934,4984325.6,01-NOV-2010,
WEBELSOLAR,EQ,127.9,129.7,125.2,126,126,126,10555,1343048.05,01-NOV-2010,
WEIZMANIND,EQ,69,69,65,65.95,65.8,65.25,1685,112085.75,01-NOV-2010,
WELCORP,EQ,249.5,259.25,249.45,258.8,258.05,248.75,606770,155741069.9,01-NOV-2010,
WELINV,EQ,139.1,145,138.05,140.1,138.05,140.65,1474,208983,01-NOV-2010,
WELSPUNIND,EQ,68.5,69.05,67,67.45,67.65,66.75,90694,6165058.65,01-NOV-2010,
WENDT,EQ,1010,1048.95,1009,1028.35,1030,999.05,253,260152.05,01-NOV-2010,
WHEELS,EQ,299.8,299.8,291.55,292.1,291.7,292.65,789,231084.45,01-NOV-2010,
WHIRLPOOL,EQ,302,308,301.25,301.8,302,301.45,40237,12239710.95,01-NOV-2010,
WILLAMAGOR,EQ,70.65,70.65,67.6,68.05,67.9,68,3561,244905.15,01-NOV-2010,
WINDSOR,EQ,76.2,79.5,76.2,77.85,77.25,76,20368,1600153.9,01-NOV-2010,
WINSOMYARN,BE,2.7,2.75,2.7,2.75,2.75,2.6,190173,518202.85,01-NOV-2010,
WIPRO,EQ,428,428,422.05,423.7,425,419.75,984965,418693828,01-NOV-2010,
WOCKPHARMA,EQ,299.5,306,296.35,303.75,305.1,296.3,202163,61099107.25,01-NOV-2010,
WSI,EQ,37.8,37.8,36.45,36.95,37.25,37.85,11582,430454.15,01-NOV-2010,
WSTCSTPAPR,EQ,98.15,101,98.1,99.3,99.05,97.65,150976,15042602.1,01-NOV-2010,
WWIL,EQ,13.65,13.8,13.5,13.55,13.6,13.55,841373,11429708.95,01-NOV-2010,
WYETH,EQ,821.3,821.3,801,805.3,801.1,802.3,603,487325.6,01-NOV-2010,
XLTELENE,EQ,30.8,30.8,29.85,30.25,29.85,30.2,90354,2740080.5,01-NOV-2010,
XPROINDIA,EQ,73,73,69.35,70.3,70,71.85,40801,2883553.6,01-NOV-2010,
YESBANK,EQ,359.5,370,359.5,369.35,368.75,359.5,883730,324023725.05,01-NOV-2010,
ZANDUREALT,EQ,3062.2,3084.8,3036,3047.75,3040,3051.05,2078,6347737.3,01-NOV-2010,
ZEEL,EQ,281,286.9,277.3,284.4,285,276.2,1360066,384128483.45,01-NOV-2010,
ZEENEWS,EQ,15.3,15.65,15.25,15.3,15.35,15.15,685332,10505148.3,01-NOV-2010,
ZENITHBIR,EQ,11.95,12.4,11,11.8,11.8,11.8,826003,9587607,01-NOV-2010,
ZENITHCOMP,EQ,30.9,30.9,29.25,29.6,29.55,29.85,13993,417927.3,01-NOV-2010,
ZENITHINFO,EQ,230.75,246,230,242.05,244,222.25,838,199322.8,01-NOV-2010,
ZENSARTECH,EQ,154.05,166,152.5,156.25,156,152.75,146575,23422736.5,01-NOV-2010,
ZICOM,EQ,70.05,70.05,64.9,65.45,65.5,69.8,169653,11335516.5,01-NOV-2010,
ZODIACLOTH,EQ,408.85,416,402.05,412.65,415,405.6,2649,1086924.1,01-NOV-2010,
ZODJRDMKJ,EQ,31,31,30.15,30.55,30.55,30.8,4466,137083.45,01-NOV-2010,
ZUARIAGRO,EQ,827.5,840.9,794,820.85,820.15,825.25,44758,36508660.15,01-NOV-2010,
ZYDUSWELL,EQ,548,548,537.05,545.05,546,536.25,9436,5130950.15,01-NOV-2010,
ZYLOG,EQ,584.95,584.95,569,573.55,574.25,571.05,54440,31408360.65,01-NOV-2010,
