SYMBOL,SERIES,OPEN,HIGH,LOW,CLOSE,LAST,PREVCLOSE,TOTTRDQTY,TOTTRDVAL,TIMESTAMP,
3MINDIA,EQ,426.65,426.65,409.05,409.9,410.05,406.65,829,345032.3,7-JUL-2004,
AARTIDRUGS,EQ,81.75,82.3,80.5,80.9,80.5,80.65,51293,4199260.2,7-JUL-2004,
AARTIIND,EQ,173,175,166,169.8,172,169.15,46921,7986389.25,7-JUL-2004,
ABANLLOYD,EQ,677,712,672.25,701.8,696,670.6,63584,44424974.45,7-JUL-2004,
ABB,EQ,732,750,726.3,744.7,745,731.85,29483,21888290.95,7-JUL-2004,
ABSHEKINDS,EQ,15.4,15.4,14.8,14.9,15,14.9,76933,1161447.1,7-JUL-2004,
ABSIND,EQ,80.25,81.7,80,80.4,80.5,80.95,4925,397122.5,7-JUL-2004,
ACC,EQ,239.65,247.25,238.1,241.7,242.15,243.65,2478126,605472674.4,7-JUL-2004,
ADANIEXPO,EQ,510,514,502.35,508.7,509,505.5,77337,39164344.3,7-JUL-2004,
ADLABSFILM,EQ,69.4,71.25,69.1,70.3,70.65,70.1,14441,1018285.5,7-JUL-2004,
ADVANIORLI,EQ,39.3,40.7,39,39.5,39.5,38.55,11258,448469.7,7-JUL-2004,
AEGISCHEM,EQ,15.75,15.75,15.55,15.6,15.6,15.65,325,5080,7-JUL-2004,
AFTEKINFO,EQ,72.15,73.7,70.35,70.7,70.5,72.85,105299,7571443.45,7-JUL-2004,
AGEEGOLD,EQ,36.95,36.95,36.95,36.95,36.95,34,100,3695,7-JUL-2004,
AGRODUTCH,EQ,28.8,29.8,28.5,29.5,29.5,28.95,13223,388474.45,7-JUL-2004,
AHMEDELEC,EQ,81.5,84.6,81,82.15,82,81.65,35054,2904796.3,7-JUL-2004,
AHMEDFORGE,EQ,75,80.9,75,78.45,78.25,75,4909,389020,7-JUL-2004,
AJANTPHARM,EQ,40.75,41.4,40.15,40.55,40.3,40.75,14405,586359.8,7-JUL-2004,
AKSHOPTFBR,EQ,12,13.8,11.95,12.2,12.25,11.95,20734,255036.5,7-JUL-2004,
ALBK,EQ,32.6,33.9,32.6,33.25,33.25,33,623633,20813628.35,7-JUL-2004,
ALEMBICLTD,EQ,108.05,108.05,104.55,105.45,105.45,107.3,39829,4234780,7-JUL-2004,
ALFALAVAL,EQ,476,480,465,475.5,475.75,472.45,4938,2335689.6,7-JUL-2004,
ALOKTEXT,EQ,49.9,51.5,49.75,50,49.95,50.15,857858,43543905,7-JUL-2004,
ALPSINDUS,EQ,31,33.75,31,32.8,32.95,31.9,75056,2470792,7-JUL-2004,
AMARAJABAT,EQ,53.75,54.9,53.1,53.65,53.45,53.85,6660,358444.95,7-JUL-2004,
AMBICAAGAR,EQ,41,41,40.7,40.7,40.7,41.5,2900,118780,7-JUL-2004,
AMITSPIN,EQ,3.2,3.2,3.05,3.15,3.15,3.05,203,619.4,7-JUL-2004,
AMTEKAUTO,EQ,509,519,505,512.3,505,505.25,4796,2443072.2,7-JUL-2004,
AMTREXAPPL,EQ,32,32,31.15,31.85,31.15,33.25,4550,144130,7-JUL-2004,
ANDHRABANK,EQ,42.3,42.5,41.5,41.65,41.55,42.05,833394,35084566.4,7-JUL-2004,
ANDHRSUGAR,EQ,52.35,53.9,51.15,52.65,53,51.45,51526,2725323.5,7-JUL-2004,
ANTGRAPHIC,EQ,2,2.25,1.6,1.9,1.9,2,5849,11273.65,7-JUL-2004,
APCOTEXLAT,EQ,28.5,30,28.5,29,29,28.5,2150,63749.2,7-JUL-2004,
APIL,EQ,95.15,105.55,95.15,105.55,105.55,87.95,595940,61309536.85,7-JUL-2004,
APOLLOHOSP,EQ,215.8,218,213,216.15,215.55,214.7,98754,21277762.55,7-JUL-2004,
APOLLOTYRE,EQ,176,194,176,188,187.5,174.1,223435,41549885.65,7-JUL-2004,
APPAPER,EQ,80.8,80.9,80.8,80.85,80.9,80,500,40430,7-JUL-2004,
APTECHT,EQ,41,42,40.2,40.4,40.55,41,374052,15376778.6,7-JUL-2004,
ARCHIES,EQ,55.55,56.8,55.55,56.45,56.05,56.55,3516,197493.25,7-JUL-2004,
ARHAMFISCL,EQ,7.6,7.6,6.2,6.5,6.45,6.35,9398,60559.6,7-JUL-2004,
ARL,EQ,1.5,1.6,1.45,1.5,1.45,1.55,839036,1255858.7,7-JUL-2004,
ARSBONDS,N1,107.11,107.4,107.02,107.1,107.1,107.4,330868,35466350.11,7-JUL-2004,
ARVINDMILL,EQ,66.8,68.9,66.6,67.6,67.7,66.55,5296352,359602922.6,7-JUL-2004,
ASAHIINDIA,EQ,98,101.7,98,98.05,98.5,98.55,37127,3697292.1,7-JUL-2004,
ASAL,EQ,42,52,42,49.2,49.2,47.35,3364,169940,7-JUL-2004,
ASHAPURMIN,EQ,109.5,109.5,96.25,104,104,103.5,1152,118304.05,7-JUL-2004,
ASHIMASYN,EQ,13.05,13.35,13.05,13.25,13.2,13.1,1000,13260,7-JUL-2004,
ASHKLEYFIN,EQ,108,108.95,104,107.55,108,105,30188,3225700.95,7-JUL-2004,
ASHOKLEY,EQ,22.8,22.9,22.05,22.35,22.35,22.35,1279522,28836792.8,7-JUL-2004,
ASIANELEC,EQ,55,56.8,54.6,55.5,55.8,54.85,19116,1063920.6,7-JUL-2004,
ASIANHOTEL,EQ,157.3,165,157,161.05,160.9,159.7,14671,2350236.15,7-JUL-2004,
ASIANPAINT,EQ,311,312.95,309.2,310.5,311,310.15,4121,1278255.55,7-JUL-2004,
ASTRAIDL,EQ,880,894,880,891.7,894,872.85,719,634081.6,7-JUL-2004,
ATCOM,EQ,5.9,6.1,5.9,6.1,6.1,6,3150,19000,7-JUL-2004,
ATFL,EQ,49,53.3,49,53.25,52.8,48.45,45124,2346484.3,7-JUL-2004,
ATLASCYCLE,EQ,72,73.7,71.1,73.7,73.7,71.3,539,38878.6,7-JUL-2004,
ATNINT,EQ,2.3,2.3,1.95,1.95,1.95,2,39183,78057.8,7-JUL-2004,
ATULPROD,EQ,31,31.45,30.25,30.6,30.5,31.1,10125,311344.85,7-JUL-2004,
AUROPHARMA,EQ,336.7,342.35,335,337.65,337.45,334.45,42102,14275642.85,7-JUL-2004,
AUTOAXLES,EQ,166,170,166,166.1,166,164.6,134,22429.5,7-JUL-2004,
AUTORIDFIN,EQ,1,1.35,1,1.35,1.35,1.15,303,383.55,7-JUL-2004,
AVENTIS,EQ,760,766,756.75,760.9,760,759.8,4494,3421203.8,7-JUL-2004,
AZTEC,EQ,21,21.6,20.5,21.25,21.6,20.75,50222,1057815.8,7-JUL-2004,
BAGFILMS,EQ,6.3,6.95,6.3,6.75,6.9,6.4,52311,343582.4,7-JUL-2004,
BAJAJAUTO,EQ,910,920,860,905.7,899.85,899.45,177791,161759637.2,7-JUL-2004,
BAJAJHIND,EQ,40.25,42.75,40.25,42.75,42.75,40.7,66712,2805619.4,7-JUL-2004,
BAJAUTOFIN,EQ,90.25,90.6,89,89.8,89.4,90.6,9676,870463.25,7-JUL-2004,
BALAJITELE,EQ,62.45,62.45,61.3,61.65,61.5,61.95,56143,3470649.35,7-JUL-2004,
BALASPONGE,EQ,15.1,15.25,14.95,14.95,14.95,15.05,21219,318514.05,7-JUL-2004,
BALMLAWRIE,EQ,72.6,72.6,70.05,71,71.5,70.5,2856,202637,7-JUL-2004,
BALRAMCHIN,EQ,288,306.9,288,301.6,302,287.5,81120,24355593.5,7-JUL-2004,
BANARISUG,EQ,309.95,309.95,297,303.1,300,295.55,1718,521086.55,7-JUL-2004,
BANKBARODA,EQ,151,153.2,149.5,151.2,151.65,151,1464670,221842820.6,7-JUL-2004,
BANKINDIA,EQ,47.95,48,46.55,46.65,46.6,47.55,1631134,77108322.75,7-JUL-2004,
BANKPUNJAB,EQ,19.25,20.35,19.15,20.15,20.2,19.2,408802,8165249.05,7-JUL-2004,
BANKRAJAS,EQ,33.5,34,33,33.1,33.2,33.3,137557,4613014.85,7-JUL-2004,
BASF,EQ,127.4,129.35,123.55,124.4,123.55,126.2,29019,3680009,7-JUL-2004,
BATAINDIA,EQ,52.75,53.25,51.55,51.7,51.65,51.8,33855,1768705.85,7-JUL-2004,
BBTC,EQ,55,59.85,55,58,58,55.65,1975,112510,7-JUL-2004,
BEL,EQ,378,387.95,378,380.15,380.2,379.15,59116,22642987.2,7-JUL-2004,
BELCERAMIC,EQ,12.95,13,11.75,12.2,12.3,12.1,168760,2117022.3,7-JUL-2004,
BEML,EQ,131.9,133.5,128.6,129.85,128.65,130.95,223792,29413514.6,7-JUL-2004,
BERGEPAINT,EQ,119,123.7,116.25,121.75,122.95,121.35,10082,1227297.75,7-JUL-2004,
BGFL,EQ,28,28,27.5,27.95,28,27.95,31800,889936,7-JUL-2004,
BHARATFORG,EQ,675,675,640,657.8,659.9,650.4,14463,9447747.75,7-JUL-2004,
BHARATGEAR,EQ,19.4,19.9,19.1,19.65,19.9,19.1,8362,163348.8,7-JUL-2004,
BHARATRAS,EQ,22.55,23.6,22.55,23.2,23.2,23.45,6990,164103,7-JUL-2004,
BHARTI,EQ,150,151.5,144.5,145.5,144.65,149.4,2854087,424165344.05,7-JUL-2004,
BHEL,EQ,525,539.4,521.15,536.15,536,524.2,1190312,634915792.25,7-JUL-2004,
BHUSANSTL,EQ,99.05,101.5,98.6,99.85,99.2,100.6,283694,28423030.25,7-JUL-2004,
BIL,EQ,28,28.3,27.85,28.25,28.25,27.75,3962,111236,7-JUL-2004,
BILT,EQ,61.4,61.9,60.5,60.85,60.65,60.95,55202,3383019,7-JUL-2004,
BINDALAGRO,EQ,4.95,5.05,4.9,4.9,4.95,4.9,38668,191827.95,7-JUL-2004,
BIOCON,EQ,514.9,529.95,514.9,525.95,528,516.3,1134619,594916455.3,7-JUL-2004,
BIRLAERIC,EQ,11.55,12.1,11.5,11.75,11.6,11.6,18080,212678.65,7-JUL-2004,
BIRLAJUTE,EQ,105.5,109.65,102,107.45,108,105.55,744733,79797575.7,7-JUL-2004,
BLUEDART,EQ,161,161.75,157,157.5,157.25,158.75,6666,1060349.3,7-JUL-2004,
BLUESTARCO,EQ,174.2,183,174,178.4,179.8,173.6,12683,2254398.7,7-JUL-2004,
BLUESTINFO,EQ,187.55,191.85,187,188.55,189.5,185.95,5674,1069297,7-JUL-2004,
BOMDYEING,EQ,136,140.95,135.2,138.55,138.9,135.5,72401,10070164.1,7-JUL-2004,
BONGAIREFN,EQ,61.25,62,61.2,61.35,61.35,61.3,539814,33263752.5,7-JUL-2004,
BPCL,EQ,349,358.85,345.2,355,356.05,351.45,710742,251501308.4,7-JUL-2004,
BPL,EQ,26.75,27.6,26.75,26.95,26.75,27.65,12977,351881.3,7-JUL-2004,
BPLENGG,EQ,3.9,3.9,3.6,3.7,3.7,3.55,1900,7080,7-JUL-2004,
BPLREFRIG,EQ,1.3,1.7,1.25,1.4,1.4,1.45,11950,18111.5,7-JUL-2004,
BPLSANTECH,EQ,1.65,1.7,1.5,1.5,1.5,1.6,3203,4850,7-JUL-2004,
BPLSANUTIL,EQ,3,3,2.95,2.95,2.95,2.5,2,5.95,7-JUL-2004,
BRITANNIA,EQ,648.95,648.95,631.4,633.35,631.5,640.5,2212,1408972.6,7-JUL-2004,
BSELINFRA,EQ,20,20,20,20,20,20.05,100,2000,7-JUL-2004,
BSL,EQ,23.8,24.2,22.5,24.15,24.15,22,2601,60711.25,7-JUL-2004,
CADILAHC,EQ,432,440,431.25,435,434,432.3,22504,9824158.8,7-JUL-2004,
CALSOFT,EQ,19.75,19.75,17.65,18,17.65,19.5,169,3087.85,7-JUL-2004,
CANBK,EQ,123.4,125.95,123.1,124,123.85,123.75,2543706,317303297.75,7-JUL-2004,
CANFINHOME,EQ,35.8,35.8,35.4,35.45,35.4,35.75,3525,125205,7-JUL-2004,
CARBORUNIV,EQ,265,266.5,258.1,265.4,266.5,258.65,4463,1174620.05,7-JUL-2004,
CCL,EQ,66.5,66.5,61.2,62.4,62.55,61.85,267,16383.3,7-JUL-2004,
CEAT,EQ,32,36.35,31.95,34.45,36,31.5,137206,4644223.5,7-JUL-2004,
CENBNK,EQ,9,9.1,8.85,8.9,8.9,9,924722,8276312.6,7-JUL-2004,
CENTENKA,EQ,107.9,108.4,106.2,106.6,106.5,106.95,25217,2708873.65,7-JUL-2004,
CENTURYTEX,EQ,108.5,111,107.4,109.4,109.7,106.05,435054,47655858.65,7-JUL-2004,
CESC,EQ,92,94.7,90.05,90.6,90.6,91,307124,28312142.35,7-JUL-2004,
CGIGARSH,EQ,58,58.75,58,58.75,58.75,53.4,790,46337.5,7-JUL-2004,
CHAMBLFERT,EQ,23.15,23.9,23.15,23.3,23.3,23.3,973320,22822803.05,7-JUL-2004,
CHAMPDANY,EQ,34.75,35.5,34.6,34.7,34.7,35,1800,62515,7-JUL-2004,
CHEMPLAST,EQ,18.8,18.9,18.6,18.9,18.9,18,24423,460285.35,7-JUL-2004,
CHENNPETRO,EQ,108,110,107.5,108.65,108.65,108.2,225081,24552045.45,7-JUL-2004,
CHESLINTEX,EQ,19.25,19.25,18.7,19.1,19.15,18.55,3360,63726.75,7-JUL-2004,
CHLORIDIND,EQ,120.9,121,117,117.25,117,117.75,8703,1033133.45,7-JUL-2004,
CHOLAINV,EQ,54,54.35,52.3,52.9,52.3,54.25,18051,964590.3,7-JUL-2004,
CIMCOBIRLA,EQ,2.3,2.3,2.3,2.3,2.3,2.3,400,920,7-JUL-2004,
CINEVISTA,EQ,27.95,27.95,27.25,27.7,27.55,27.2,3251,89410.1,7-JUL-2004,
CIPL,EQ,6,6,5.7,5.7,5.7,5.85,9117,52561.65,7-JUL-2004,
CIPLA,EQ,229.4,230,227.55,229.3,229.85,227.8,400426,91715966.1,7-JUL-2004,
CLARIANT,EQ,172,172,166.2,169.95,170,168.9,3186,541966.75,7-JUL-2004,
CLASSIC,EQ,75.3,75.3,67,67.45,67,70.35,5,350.6,7-JUL-2004,
CMC,EQ,451.55,454,446.1,451.1,451,444.85,15119,6815230.1,7-JUL-2004,
COATESIND,EQ,102.6,106.4,102.6,103.65,103.7,104.15,560,58354.4,7-JUL-2004,
COCHINREFN,EQ,148,149.9,146.05,147.25,146.15,147.25,186782,27691600.2,7-JUL-2004,
COLGATE,EQ,133.75,136.5,132.3,135.6,136.5,133.5,130283,17508607.7,7-JUL-2004,
COLORCHEM,EQ,247.3,248.65,243,244.15,243.5,251.9,3643,899149.1,7-JUL-2004,
COMPUDYNE,EQ,7.15,7.25,7,7,7,7.4,4105,28946.25,7-JUL-2004,
COMPUTECH,EQ,5.3,5.5,5.25,5.25,5.25,5.45,16363,87871.9,7-JUL-2004,
CONCOR,EQ,580,587,575,576.85,581.5,572.5,18046,10415315.7,7-JUL-2004,
CONSCOFFEE,EQ,132,135,132,132.3,132.25,131.95,2471,327290.25,7-JUL-2004,
COREPARENT,EQ,3.65,3.85,3.65,3.75,3.75,3.75,3120,11785,7-JUL-2004,
COROMNFERT,EQ,123.9,125,121.1,122.55,122,121.45,6316,782548.45,7-JUL-2004,
CORPBANK,EQ,250.25,256,249,249.15,250,249.1,71138,17796811.15,7-JUL-2004,
COSMOFILMS,EQ,71.9,73,70.25,70.75,71,70.85,27755,1980179,7-JUL-2004,
CREATIVEYE,EQ,8.1,8.1,7.9,7.95,8,8,6818,54489.1,7-JUL-2004,
CRESTCOMM,EQ,34.3,38.55,34.3,37.85,37.55,34.3,165192,6195566.85,7-JUL-2004,
CRISIL,EQ,390,390,389.9,390,390,387.2,111,43287.5,7-JUL-2004,
CROMPGREAV,EQ,148.45,151.1,147.7,148.35,148.15,147.3,38022,5694604.9,7-JUL-2004,
CUB,EQ,78.9,79.25,78.3,78.7,78.3,78.25,43132,3396847.7,7-JUL-2004,
CYBERTECH,EQ,6,6.15,5.85,5.85,5.85,6.05,9734,58800.6,7-JUL-2004,
D-LINK,EQ,132,139,132,134.9,134.05,137.05,33317,4556040.85,7-JUL-2004,
DABUR,EQ,62.9,64,62.6,63.85,63.85,62.8,181890,11570275.5,7-JUL-2004,
DALMIACEM,EQ,265,265,262.75,262.8,262.75,260,160,42102.5,7-JUL-2004,
DATATECH,EQ,129,131,128,130.25,131,125.95,55731,7243506.1,7-JUL-2004,
DCM,EQ,11.6,11.8,11.55,11.8,11.6,11.65,5238,60682.5,7-JUL-2004,
DCMFINSERV,EQ,1.35,1.35,1.35,1.35,1.35,1.35,1802,2432.7,7-JUL-2004,
DCMSRMCONS,EQ,193,198.85,193,197.25,197.4,193.4,1811,355053.15,7-JUL-2004,
DCW,EQ,22.6,22.6,21.75,21.9,21.85,22.4,23948,528536.65,7-JUL-2004,
DEEPAKFERT,EQ,33.35,33.7,32.85,33.15,33.1,32.75,94036,3129824.6,7-JUL-2004,
DENABANK,EQ,22.3,22.9,22.3,22.45,22.35,22.3,211231,4770431.6,7-JUL-2004,
DEWANHOUS,EQ,30,30,29.5,29.75,29.95,29.75,2000,59645.2,7-JUL-2004,
DGPWINDSOR,EQ,3.5,3.55,3.15,3.35,3.35,3.15,1600,5515,7-JUL-2004,
DHAMPURSUG,EQ,30,31.85,29.1,31.45,31.55,29.55,270186,8389917.5,7-JUL-2004,
DHANBANK,EQ,24.5,24.65,23,23.05,23,22.7,5009,117479.2,7-JUL-2004,
DHARSUGAR,EQ,8.9,9.7,8.85,9.35,9.5,9.25,14124,133304.25,7-JUL-2004,
DISHMAN,EQ,401,416.4,401,404.3,404.1,404.1,29182,11950316.9,7-JUL-2004,
DIVISLAB,EQ,1200,1207.7,1167,1176.65,1171,1201.1,27588,32725195.85,7-JUL-2004,
DREDGECORP,EQ,426,430,421,425.05,425,424.15,6585,2801180.5,7-JUL-2004,
DRREDDY,EQ,749.95,778,746.25,772.75,771.35,749.45,269546,207558254.55,7-JUL-2004,
DUNCANSIND,EQ,8.8,10.15,8.8,9.55,9.65,8.7,10694,101011.1,7-JUL-2004,
DYNACONS,EQ,0.25,0.25,0.2,0.2,0.2,0.2,76002,15250.45,7-JUL-2004,
E-SERVEINT,EQ,860,860,843,844.9,845,847.55,5706,4819246.55,7-JUL-2004,
EASTSILK,EQ,56.5,57.7,56.5,57,57,56.55,601,34230.65,7-JUL-2004,
EASUNREYRL,EQ,56.05,60.5,56.05,60.2,59.7,59.9,8310,498975.4,7-JUL-2004,
EICHERLTD,EQ,90,90,90,90,90,92.15,5,450,7-JUL-2004,
EICHERMOT,EQ,211,213.9,211,212.05,211.2,211.15,2550,542522.25,7-JUL-2004,
EIDPARRY,EQ,184,204.95,184,202.05,204.95,199.4,22364,4487616.3,7-JUL-2004,
EIHOTEL,EQ,237,242,235,237.4,239,232.05,2986,713338.45,7-JUL-2004,
EIMCOELECO,EQ,68.7,69.8,65.25,65.5,65.5,65.2,1350,88760,7-JUL-2004,
ELDERPHARM,EQ,114.95,117.2,113.65,113.95,114,113.95,151636,17344856.05,7-JUL-2004,
ELECTCAST,EQ,232,239,232,236.75,238,234.95,3701,876184.65,7-JUL-2004,
ELGIEQUIP,EQ,42.5,43.9,42.4,43.4,43.9,41.9,24072,1039228.95,7-JUL-2004,
ELGITYRE,EQ,24.15,24.15,23,23.15,23.15,23.15,11915,277790.25,7-JUL-2004,
EMERCK,EQ,450,451.75,440.3,449.8,450,449.35,11697,5240381.8,7-JUL-2004,
ENGINERSIN,EQ,220,224.95,219.8,223.85,224,218.7,42082,9393748.2,7-JUL-2004,
ESABINDIA,EQ,64.3,66,62.55,63.85,63.75,63.2,89033,5724314.55,7-JUL-2004,
ESCORTS,EQ,59,59.4,57.8,58.35,58.05,58.6,185739,10894277.25,7-JUL-2004,
ESSARGUJ,EQ,17.3,17.65,16.9,17.2,17.15,17.1,6073468,105144343.7,7-JUL-2004,
ESSAROIL,EQ,12.9,13.5,12.75,13.2,13.15,12.65,512462,6773840.45,7-JUL-2004,
ESSELPACK,EQ,190,197,188,189.8,191,192.25,3541,679825.3,7-JUL-2004,
ETCNETWORK,EQ,33.7,33.95,32.7,32.8,32.7,32.85,9108,302522.55,7-JUL-2004,
ETERNEVRST,EQ,60.05,61,60.05,61,61,61,740,45043.25,7-JUL-2004,
EUROTEXIND,EQ,22.9,23,22,22.1,22.5,22.25,2302,51941.75,7-JUL-2004,
EXCELCROP,EQ,89.15,92.9,89.15,91.55,91.55,91.6,1804,166777.4,7-JUL-2004,
EXCELINDUS,EQ,52.5,54.95,52.05,54.65,54.95,52.65,3854,205746.35,7-JUL-2004,
FACT,EQ,27.55,29.3,27.55,29.15,29.25,28.3,14878,431595.45,7-JUL-2004,
FAGBEARING,EQ,95.9,103.4,94.5,95.45,95.5,94,7536,737810.05,7-JUL-2004,
FDC,EQ,36.15,39.2,36.15,38.5,38.25,38.35,42990,1664725.25,7-JUL-2004,
FEDERALBNK,EQ,305,311.9,304.25,305.1,305.05,305.85,108743,33390476.35,7-JUL-2004,
FINCABLES,EQ,108,111.6,108,109.1,109.95,107.3,9273,1019261.5,7-JUL-2004,
FINPIPE,EQ,58.8,61.95,58.8,60.3,61.9,58.5,870571,52440422.4,7-JUL-2004,
FIRSTLEASE,EQ,22.8,22.8,22.1,22.35,22.35,22.45,5201,116401.6,7-JUL-2004,
FLEX,EQ,29,29.8,28.5,28.95,28.5,28.75,27925,815506.05,7-JUL-2004,
FLEXCHEM,EQ,20.4,20.5,20.05,20.05,20.5,21.25,2411,48734.4,7-JUL-2004,
FLEXENGG,EQ,15.95,15.95,15.25,15.45,15.4,15.15,1687,26299.9,7-JUL-2004,
FOSECOIND,EQ,192.25,203,192.25,200.9,203,190.75,1489,296027.8,7-JUL-2004,
FOURSOFT,EQ,20.75,20.75,19.45,19.65,19.85,19.6,22617,446608.4,7-JUL-2004,
GAEL,EQ,35.75,36.35,35.75,36,36,35.65,6719,242234.2,7-JUL-2004,
GAIL,EQ,173,184.2,171.5,181.6,181.15,172.75,7590521,1358923312.1,7-JUL-2004,
GAMMONIND,EQ,350,360,346.05,355,355,348.15,264,93312.25,7-JUL-2004,
GARDENSILK,EQ,40.5,40.85,39.75,39.85,39.75,40.45,17163,690567.05,7-JUL-2004,
GENESYS,EQ,16,16.7,16,16.25,16.25,15.95,1972,31982.25,7-JUL-2004,
GEOINFO,EQ,431.4,431.4,373.65,375.6,375.6,390.15,770,300724.45,7-JUL-2004,
GEOMETRIC,EQ,480,486,473.5,475.95,475,479.75,7551,3621983.05,7-JUL-2004,
GEORGWILIM,EQ,93.2,95.5,90.5,92.35,92.65,92.4,39601,3713292.4,7-JUL-2004,
GESCOCORP,EQ,21.85,22.45,21.6,22.1,22.4,22.05,15969,352724.15,7-JUL-2004,
GESHIPPING,EQ,136,138.8,134.05,136.55,136.4,135.9,932065,127787093.45,7-JUL-2004,
GHCL,EQ,22.4,22.4,21.75,21.85,21.85,21.95,39875,874067.2,7-JUL-2004,
GICHSGFIN,EQ,28.2,28.25,27,27.6,27.05,27.75,26449,731158.45,7-JUL-2004,
GINNIFILA,EQ,11.75,11.75,11.05,11.15,11.1,11.15,8541,95527.05,7-JUL-2004,
GIPCL,EQ,45.5,46.6,43.8,44.2,44,44.4,296160,13426011.15,7-JUL-2004,
GKW,EQ,5,5.35,4.75,5.15,5.1,4.45,51813,266148.9,7-JUL-2004,
GLAXO,EQ,610,615,603.05,611.5,610.2,605.5,22422,13662843.55,7-JUL-2004,
GLENMARK,EQ,148.3,149.9,144,145.5,145.45,148.55,80135,11799898.95,7-JUL-2004,
GLFL,EQ,2.05,2.05,2,2,2,2.45,1500,3025,7-JUL-2004,
GLOBALTELE,EQ,76,77.35,75.3,76.1,76,75.85,493734,37639336.65,7-JUL-2004,
GLOBLTRUST,EQ,12.4,12.6,11.85,11.9,11.95,12.25,1261436,15349836.25,7-JUL-2004,
GMBREW,EQ,7,7,6.8,6.8,6.8,6.55,1001,7006.8,7-JUL-2004,
GMDCLTD,EQ,149,157,149,152.5,152,147.05,81188,12424957.35,7-JUL-2004,
GNFC,EQ,50.95,52,50.05,50.6,50.6,50.9,316874,16158094.55,7-JUL-2004,
GODAVRFERT,EQ,45.3,46,44.1,45.75,45.5,44,5924,268011.5,7-JUL-2004,
GODFRYPHLP,EQ,372.1,372.1,370,370.05,370.05,370.25,161,59693.8,7-JUL-2004,
GODREJCP,EQ,200,200,193.55,195,195,194,12763,2488737.05,7-JUL-2004,
GODREJIND,EQ,46.5,46.95,45.15,45.5,45.15,46.5,20232,933456.85,7-JUL-2004,
GOETZEIND,EQ,77.6,80,77.6,78.8,78.05,77.45,3460,272603.75,7-JUL-2004,
GOLDTECH,EQ,17.4,17.4,16.25,16.3,16.3,16,70821,1172779.9,7-JUL-2004,
GOLDTELE,EQ,3.95,4.05,3.8,4,4.05,3.75,7500,29630.2,7-JUL-2004,
GOODLASNER,EQ,482,486,473.05,479.95,484.95,474.35,1449,697347,7-JUL-2004,
GRANDFONRY,EQ,1.45,1.55,1.4,1.4,1.45,1.55,6600,9470,7-JUL-2004,
GRAPHITE,EQ,88.95,90.25,87.6,89.6,89.9,88.25,4507,403509.4,7-JUL-2004,
GRASIM,EQ,1039.9,1063,1034,1050.85,1051,1034.45,449144,472998987.75,7-JUL-2004,
GSFC,EQ,57.9,60.5,55,58.5,58.75,56.85,252545,14752013.35,7-JUL-2004,
GSKCONS,EQ,232.8,249,232.1,248.35,249,234.3,9830,2356617.9,7-JUL-2004,
GTCIND,EQ,12.35,12.35,11.65,11.75,11.7,11.65,14969,178088.55,7-JUL-2004,
GTNTEXT,EQ,39.3,39.3,37.55,38.6,38.75,38.15,9198,354924.7,7-JUL-2004,
GUJALKALI,EQ,33.05,34.5,33,34.05,34.05,33.6,81214,2736469.4,7-JUL-2004,
GUJAMBCEM,EQ,277.5,283.5,276,279.95,280,276.95,682386,191803131.55,7-JUL-2004,
GUJFLUORO,EQ,136,136,131.25,134,131.25,134.05,276,37200,7-JUL-2004,
GUJRATGAS,EQ,424.05,430,422,430,430,419.55,439,187551.15,7-JUL-2004,
GUJSIDHCEM,EQ,5,5.5,5,5.45,5.5,5.3,53078,287641.6,7-JUL-2004,
HARRMALAYA,EQ,28.1,29.8,27.85,28.35,28.45,27.75,43227,1251295.75,7-JUL-2004,
HAVELLS,EQ,112.45,116.9,110,111.4,110.35,111.3,148564,16941115.85,7-JUL-2004,
HBSTOCK,EQ,2.35,2.4,2.3,2.4,2.4,2.4,2100,5026.25,7-JUL-2004,
HCL-INSYS,EQ,564,567.8,551.3,563.4,566,557.3,19498,10933653.35,7-JUL-2004,
HCLTECH,EQ,300,301.4,274.6,279.65,281.9,299.4,2387274,683596876.9,7-JUL-2004,
HDFC,EQ,540,555,537,550.85,550.3,539.8,791867,435336374.9,7-JUL-2004,
HDFCBANK,EQ,364,372,364,370.3,366.15,366.9,248391,91691209.65,7-JUL-2004,
HEG,EQ,67.5,69,66.65,67.15,66.65,67.65,13864,942464.05,7-JUL-2004,
HERITGFOOD,EQ,60.25,60.25,59.5,59.7,59.5,59.5,4300,257413.5,7-JUL-2004,
HEROHONDA,EQ,532.25,535.15,514.05,520.95,517,528.4,951234,499998467.15,7-JUL-2004,
HEXAWARE,EQ,405,415,393,400.45,394,408.7,117753,48033461,7-JUL-2004,
HIKAL,EQ,270,280,270,271.35,270,270,3921,1066148.25,7-JUL-2004,
HIMACHLFUT,EQ,8.3,8.6,8.2,8.25,8.25,8.15,1721155,14385784.8,7-JUL-2004,
HIMATSEIDE,EQ,346.1,349.9,340,340.2,340.25,348.25,6259,2147385.3,7-JUL-2004,
HINDALC0,EQ,1080,1128.7,1072,1117.75,1111,1083.85,400573,447665940.8,7-JUL-2004,
HINDCONS,EQ,123,129.25,122,127.55,128.2,122.7,53342,6743395.7,7-JUL-2004,
HINDDORROL,EQ,25.95,25.95,25.95,25.95,25.95,25,200,5190,7-JUL-2004,
HINDLEVER,EQ,128.4,129.45,127.35,128.8,128.9,127.6,4660019,599026586.1,7-JUL-2004,
HINDLEVER,N1,6.09,6.09,6.06,6.07,6.07,6.06,5137,31183.07,7-JUL-2004,
HINDMOTOR,EQ,9.35,9.45,9.05,9.35,9.4,9.1,505107,4687497.4,7-JUL-2004,
HINDOILEXP,EQ,33,33.65,33,33.1,33.2,32.95,43205,1439685.65,7-JUL-2004,
HINDPETRO,EQ,320,328.8,318.25,325.05,324.5,322.35,2055909,665159710.05,7-JUL-2004,
HINDSANIT,EQ,96,98.7,94.5,98,97.6,94,5055,496279.85,7-JUL-2004,
HINDSPG,EQ,14.5,14.5,13,13.65,13.65,12.9,1137,15233.55,7-JUL-2004,
HINDSYNTEX,EQ,6.45,6.7,6.4,6.7,6.7,6.15,900,5800,7-JUL-2004,
HITECHGEAR,EQ,124.9,129,123.25,124,124,120,2150,272042.75,7-JUL-2004,
HMT,EQ,18,18.75,17.55,18.45,18.7,17.3,63285,1156876.7,7-JUL-2004,
HOCL,EQ,13.85,14.35,13.05,13.35,13.4,13.85,312737,4231968.95,7-JUL-2004,
HOTELEELA,EQ,51,53.85,51,51.45,51.4,49.5,429298,22454571.95,7-JUL-2004,
HTMT,EQ,204.7,214.85,203.1,204.3,204.25,205.3,330790,69140117.1,7-JUL-2004,
HUGHESSOFT,EQ,503.5,514.4,502,502.7,504.85,502.5,9061,4570809.5,7-JUL-2004,
HYDRBADIND,EQ,28,28.9,27,27.1,27.1,28.25,7289,202920.5,7-JUL-2004,
I-FLEX,EQ,570,573.65,559,559.85,560.9,568.85,47729,26963869.45,7-JUL-2004,
IBP,EQ,495,498,490,495,495,489.45,12664,6253820.85,7-JUL-2004,
ICI,EQ,187.5,188.8,182.05,183.7,183.2,187.65,24580,4568378.4,7-JUL-2004,
ICICIBANK,EQ,242,249,240.1,245.75,245.7,241.55,1665686,407712091.05,7-JUL-2004,
IDBI,EQ,44.1,46.4,43.3,45.35,45.3,44.1,1383752,62954327.2,7-JUL-2004,
IDBIBANK,EQ,37.65,38.6,37.45,38.1,38.25,37,196070,7443354.75,7-JUL-2004,
IFBAGRO,EQ,13,13.6,12.8,13.15,13,12.4,30759,409847.2,7-JUL-2004,
IFBIND,EQ,3.45,3.75,3.35,3.6,3.7,3.5,2850,9932.6,7-JUL-2004,
IFCI,EQ,8.7,9.2,8.65,8.85,8.95,8.75,4081093,36734160.35,7-JUL-2004,
IFGLREFRAC,EQ,16.15,16.85,16.15,16.35,16.4,16.1,9356,154162.95,7-JUL-2004,
IGFLFERT,EQ,104.5,105.45,101.1,101.85,102,102.65,82141,8437981.55,7-JUL-2004,
IGL,EQ,66.7,68.8,66.1,67.1,66.85,66.75,793815,53799547.65,7-JUL-2004,
IGS,EQ,238.95,238.95,234,235.65,234.05,237.35,14683,3470739.2,7-JUL-2004,
INDGYPSUM,EQ,102,102,100.8,101.25,101.25,102,950,96204.5,7-JUL-2004,
INDHOTEL,EQ,365,372,357.2,362.7,360.4,359.4,36289,13268840.65,7-JUL-2004,
INDIACEM,EQ,29.7,29.95,28.5,29.35,29.25,29.45,417816,12349308.95,7-JUL-2004,
INDIAFOILS,EQ,7,7.2,6.95,7,7,7,4940,34903.5,7-JUL-2004,
INDIANCARD,EQ,84,84.95,83.6,83.85,83.6,84.25,865,72758.5,7-JUL-2004,
INDIANHUME,EQ,2700,2700,2650,2650,2650,2690,11,29501,7-JUL-2004,
INDLMETER,EQ,8.95,8.95,7.3,8.5,8.5,7.6,1705,14767,7-JUL-2004,
INDNIPPON,EQ,261,261,254,255.75,254,258.2,676,175286.5,7-JUL-2004,
INDORAMA,EQ,50.35,51.5,50.2,50.45,50.35,50.15,79145,4012258.65,7-JUL-2004,
INDORAMTEX,EQ,22.7,22.7,21.75,22.35,22.5,22,4019,89780.3,7-JUL-2004,
INDRAMEDCO,EQ,21.5,21.5,17.8,18,17.9,18,27097,488010.05,7-JUL-2004,
INDRAYON,EQ,205.7,215.7,203,211.15,211.7,203.15,72775,15376436.15,7-JUL-2004,
INDSHAVING,EQ,579,584,575,578.5,581,574.65,1280,741474.25,7-JUL-2004,
INDSWFTLAB,EQ,40.35,40.5,39.65,39.75,39.8,39.85,62310,2500212.55,7-JUL-2004,
INDUJENERT,EQ,1.25,1.25,1.25,1.25,1.25,1.15,3000,3750,7-JUL-2004,
INDUSINDBK,EQ,48.2,48.9,46.9,47.95,48,47.55,809833,38675619.3,7-JUL-2004,
INFOSYSTCH,EQ,1404.15,1423,1385.1,1392.45,1392.25,1426.5,1776746,2496154448.15,7-JUL-2004,
INFOTECENT,EQ,114.5,116.5,113.4,114.05,113.65,115.9,232237,26706155.95,7-JUL-2004,
INGERRAND,EQ,210,210,204.55,205,205.5,209.65,8729,1797288.15,7-JUL-2004,
INVESTCORP,EQ,195.75,195.75,191,192,191.2,201.3,39848,7696139.1,7-JUL-2004,
IOB,EQ,41.7,43,41.6,41.9,41.75,42.05,483832,20499735.15,7-JUL-2004,
IOC,EQ,362.55,374.25,362.55,369.8,369.4,368.35,502675,185994830.95,7-JUL-2004,
IOL,EQ,37,38.9,37,37.95,38,36.35,39162,1484760.6,7-JUL-2004,
IPCALAB,EQ,570,572.9,551,563.35,565,564.1,16039,9017322.15,7-JUL-2004,
IPCL,EQ,152,152.9,148.25,151.35,151.5,150.65,1585357,239735862.85,7-JUL-2004,
IT&T,EQ,5.95,6.15,5.85,6.1,6.1,6.1,4362,26393.35,7-JUL-2004,
ITC,EQ,943.9,982,935.3,965.4,961,937.8,511066,489729628.6,7-JUL-2004,
ITCHOTEL,EQ,125.5,128.2,125.5,126.35,126.3,125.8,1760,223420.75,7-JUL-2004,
ITI,EQ,12.5,13.25,12.5,13.05,13.15,12.35,97502,1273602.9,7-JUL-2004,
IVC,EQ,34.8,34.8,34.1,34.45,34.5,33.65,1680,58231.5,7-JUL-2004,
IVP,EQ,30.65,31,30.4,30.95,31,30.4,4851,149474.5,7-JUL-2004,
IVRCLINFRA,EQ,176,176,171.7,172.75,172,173.75,67300,11673081.45,7-JUL-2004,
J&KBANK,EQ,272,279.9,271,277.85,277.65,269.55,105261,29002890.4,7-JUL-2004,
JAGSNPHARM,EQ,217.05,219.95,216,216.9,218,217.65,8343,1811163.3,7-JUL-2004,
JAICORPLTD,EQ,67,68,67,67,67,67.15,910,61500,7-JUL-2004,
JAINSTUDIO,EQ,24,26.95,22.9,26.95,26.95,22.45,779636,19719116.95,7-JUL-2004,
JAYAGROGN,EQ,39.25,41,39,39,39,40.7,951,37938,7-JUL-2004,
JAYBARMARU,EQ,68.5,68.5,61.4,63.85,63,64.65,2590,161339.5,7-JUL-2004,
JAYPEEHOT,EQ,17.7,17.75,16.9,16.9,16.9,17.2,15460,268817.55,7-JUL-2004,
JAYSREETEA,EQ,69.6,72.9,66,68.85,69.5,68.3,70056,4919657.05,7-JUL-2004,
JBCHEPHARM,EQ,264.1,268,264.1,266.35,267.5,265.7,3923,1046613.35,7-JUL-2004,
JBFIND,EQ,33.4,33.4,33.25,33.25,33.25,33.25,400,13345,7-JUL-2004,
JCTELEC,EQ,3.1,3.4,3.05,3.05,3.05,3.05,6779,21106.8,7-JUL-2004,
JENSONICOL,EQ,3.7,4,3.7,3.9,3.9,3.7,3556,13859.7,7-JUL-2004,
JIKINDS,EQ,2.25,2.5,2.05,2.1,2.1,2.25,610409,1347595.1,7-JUL-2004,
JINDALFOTO,EQ,38,40.25,38,39.35,39.1,38.05,64528,2556810.8,7-JUL-2004,
JINDALIRON,EQ,194,197.1,192.7,194.5,194.5,193.7,1053298,205395522.4,7-JUL-2004,
JINDALPOLY,EQ,351,355,349,352.25,355,353.55,11749,4121640.25,7-JUL-2004,
JINDALSTEL,EQ,470,470,449,459.85,456,458,31923,14778686.45,7-JUL-2004,
JINDVIJSTL,EQ,9.3,9.45,9.15,9.2,9.15,9.3,2426247,22608862.3,7-JUL-2004,
JISLJALEQS,EQ,93,95.95,92.15,92.7,92.9,93.1,552921,52092752.15,7-JUL-2004,
JKINDUSTRY,EQ,35,35,34.4,34.9,35,34.5,2325,80992.5,7-JUL-2004,
JPASSOCIAT,EQ,100.5,102.5,98.1,98.6,98.65,100.4,638127,64185659,7-JUL-2004,
JSTAINLESS,EQ,57.75,59.5,57.45,58.9,59.5,57.75,242123,14185404.6,7-JUL-2004,
JSTRIPS,EQ,120,123.6,118.1,120.05,120,122.45,5015,605140.75,7-JUL-2004,
JUBILANT,EQ,555,558,550,551.9,550,550.4,4632,2555083.05,7-JUL-2004,
JUNIORBEES,EQ,30,30,29.4,29.5,30,29.7,5350,157765,7-JUL-2004,
JYOTISTRUC,EQ,61.1,66.6,61.1,65.3,65.1,60.6,44313,2849452.55,7-JUL-2004,
KABRAEXTRU,EQ,56.15,61.85,56.15,59.35,58.7,59.4,3530,212388.55,7-JUL-2004,
KAJARIACER,EQ,73.1,80,73.1,78.95,79,75.6,37360,2898988.65,7-JUL-2004,
KAKATCEM,EQ,43.65,44.8,43.5,44,43.7,43.65,13894,612384,7-JUL-2004,
KALECONSUL,EQ,36.95,37.25,36.5,36.9,36.8,36.8,5857,216509.05,7-JUL-2004,
KALPATPOWR,EQ,85.5,86.85,83.75,84.8,85,83.7,3675,313698.35,7-JUL-2004,
KALYANBRAK,EQ,389,389,367,376.8,385,385,209,77517.85,7-JUL-2004,
KAMATHOTEL,EQ,13.6,13.6,13.5,13.5,13.5,13.7,1700,23025,7-JUL-2004,
KARURVYSYA,EQ,303.95,308,296.05,297.7,296.05,303.95,14808,4459376.1,7-JUL-2004,
KCP,EQ,24.45,24.9,24,24.55,24.9,24.4,1978,48188.9,7-JUL-2004,
KCPSUGIND,EQ,41.3,49,41.3,47,47,45.2,14335,668668.05,7-JUL-2004,
KECINTL,EQ,65.2,73.4,65.2,71.7,71.8,66.4,1142258,80489353.3,7-JUL-2004,
KESORAMIND,EQ,74.2,76.7,71.6,72.6,72,74.2,197945,14749616.75,7-JUL-2004,
KEYCORPSER,EQ,3.05,3.05,3.05,3.05,3.05,3.8,200,610,7-JUL-2004,
KHAITANELE,EQ,12.9,13,12.7,12.9,12.9,12.9,2030,26142,7-JUL-2004,
KHANDSE,EQ,12.1,12.1,10.1,10.1,10.1,11.45,700,7800,7-JUL-2004,
KIRLOSKCUM,EQ,101,101.6,99,99.45,99,100.45,21596,2156569.25,7-JUL-2004,
KIRLOSOIL,EQ,252.5,258,249,255.75,255.15,256.95,8644,2195364.55,7-JUL-2004,
KITPLYIND,EQ,3.25,3.25,3.1,3.1,3.1,3.15,41583,130202.1,7-JUL-2004,
KLGSYSTEL,EQ,34.45,34.45,33.35,33.8,33.85,33.75,3453,116117.95,7-JUL-2004,
KOJAMFIN,EQ,18.5,19.95,18,19.15,19.95,18.75,55066,1036864.9,7-JUL-2004,
KOPDRUGS,EQ,18,18.5,18,18.05,18,17.9,8851,161742,7-JUL-2004,
KOPRAN,EQ,44.95,45.9,44.3,44.6,44.9,44.5,25018,1129241.7,7-JUL-2004,
KOTAKBANK,EQ,353,375,351.15,371.35,370.9,364.25,36214,13370073.75,7-JUL-2004,
KOTHARIPET,EQ,1.6,1.75,1.55,1.65,1.65,1.9,3510,5592.2,7-JUL-2004,
KOTHARIPRO,EQ,179.9,181,178.5,179.5,179.5,180,195,35077,7-JUL-2004,
KOTHARISUG,EQ,7.5,7.5,5.9,6.55,6.65,6.45,24663,162261.5,7-JUL-2004,
KPIT,EQ,321.5,325,317.05,319.65,321,323.9,20680,6635562.1,7-JUL-2004,
KRBL,EQ,42.7,42.9,41.5,41.6,41.55,41.9,16950,716189.5,7-JUL-2004,
KRISHNAENG,BE,1.5,1.65,1.5,1.6,1.6,1.7,1100,1775,7-JUL-2004,
KSBPUMPS,EQ,99,103,99,102.35,103,100.35,3438,350083.8,7-JUL-2004,
KTKBANK,EQ,83.1,84.2,83.1,83.45,83.4,83.35,66783,5592116.25,7-JUL-2004,
LAKSHVILAS,EQ,109.1,110,106.5,107.15,108,107.4,11902,1291704.55,7-JUL-2004,
LANESEDA,EQ,0.55,0.55,0.45,0.45,0.45,0.5,62000,31075,7-JUL-2004,
LAXMIMACH,EQ,5110,5110,5055,5081,5095,5150,48,243898,7-JUL-2004,
LCCINFOTEC,EQ,2,2.25,2,2.2,2.2,2.05,1201,2402.65,7-JUL-2004,
LEADEDSYS,EQ,8.65,8.85,8.1,8.25,8.4,8.5,11590,98148.6,7-JUL-2004,
LGBROS,EQ,14,14,13.4,13.5,13.5,14,43905,600832.5,7-JUL-2004,
LIBERTSHOE,EQ,118,121.7,117.6,120.4,120.4,118.8,1292,155055.3,7-JUL-2004,
LICHSGFIN,EQ,142.1,143.95,138,140.1,138.5,140.9,183699,25940224.75,7-JUL-2004,
LIQUIDBEES,EQ,1000.01,1000.01,1000.01,1000.01,1000.01,1000,3000,3000030,7-JUL-2004,
LLOYDFIN,EQ,0.6,0.6,0.45,0.5,0.5,0.5,98578,50040.1,7-JUL-2004,
LLOYDSTEEL,EQ,3.8,3.95,3.75,3.9,3.9,3.8,294690,1141198,7-JUL-2004,
LML,EQ,31.3,32.3,30.95,31.35,31.6,30.95,161199,5116018.05,7-JUL-2004,
LT,EQ,733,739,725.2,727.7,726.3,729.6,603840,442617872.25,7-JUL-2004,
LUMAXIND,EQ,55.25,57.25,55,56.3,56.25,55.25,4001,225550.25,7-JUL-2004,
LUPIN,EQ,635,645,612.2,614.7,614.9,629.5,51606,32415609.65,7-JUL-2004,
LYKALABS,EQ,41.75,43,41.75,41.95,41.85,42.15,32718,1381986.2,7-JUL-2004,
M&M,EQ,468.35,481,468.35,474.55,474,471.6,1538780,733425120.25,7-JUL-2004,
MAARSOFTW,EQ,5.2,5.4,5,5.1,5.1,5.25,600407,3051503.3,7-JUL-2004,
MACMILLAN,EQ,252.75,253.95,249.15,251.45,252,251.85,2649,665363.45,7-JUL-2004,
MADRASCEM,EQ,682.95,682.95,651.05,653.95,651.05,661.2,615,407988.25,7-JUL-2004,
MADRASFERT,EQ,15.5,15.5,14.1,14.7,14.8,14.3,112265,1637452.6,7-JUL-2004,
MAGMA,EQ,21,21,20.6,20.9,21,21.85,1909,39925.4,7-JUL-2004,
MAHABANK,EQ,26.1,26.45,26,26.05,26.1,26,282344,7398002.4,7-JUL-2004,
MAHAVIRSPG,EQ,134.95,137.15,134,134.75,134.85,133.65,51587,7000442.1,7-JUL-2004,
MAHINDUGIN,EQ,20.25,20.5,19.75,19.85,19.85,19.8,26813,538680.6,7-JUL-2004,
MAHSCOOTER,EQ,134,135,132.3,133.75,135,132.6,5047,672109.35,7-JUL-2004,
MAHSEAMLES,EQ,209,209,195.05,198.15,199.05,199.6,13340,2630646.35,7-JUL-2004,
MALWACOTT,EQ,43.4,43.6,42,42.15,42.4,43,7377,315726.3,7-JUL-2004,
MANALIPET,EQ,3.7,3.9,3.7,3.8,3.8,3.75,12670,48301,7-JUL-2004,
MANGLMCEM,EQ,39.6,41,39,39.3,39.1,39.7,133388,5384043.15,7-JUL-2004,
MANGTIMBER,EQ,3.7,3.7,3.6,3.6,3.6,3.45,1700,6140,7-JUL-2004,
MARALOVER,EQ,19.25,19.45,18.7,19.1,19.25,19.45,8639,164910.75,7-JUL-2004,
MARDIACHEM,EQ,1.25,1.4,1.15,1.3,1.3,1.25,8006,10142.5,7-JUL-2004,
MARICOIND,EQ,120.1,122.95,118,121.9,121.5,119.25,72472,8823514.5,7-JUL-2004,
MARUTI,EQ,408,422.4,406.25,420.7,419.5,409.25,8585289,3589797171.65,7-JUL-2004,
MASTEK,EQ,270,270,262.6,264.95,265.25,270.6,181965,48550474.5,7-JUL-2004,
MATRIXLABS,EQ,1420,1428,1410,1419.6,1421.8,1420.5,4030,5733251.9,7-JUL-2004,
MAX,EQ,180.5,182,180.5,181,181,180.45,9589,1736898.3,7-JUL-2004,
MCDOWELL-N,EQ,47,47.9,46.5,46.65,46.75,46.75,38411,1813434.2,7-JUL-2004,
MEDIAVIDEO,BE,6.2,6.5,6.2,6.45,6.35,6.3,8752,56563.2,7-JUL-2004,
MELSTAR,EQ,9.9,10.5,9.9,10.45,10.35,10.05,15490,160342.1,7-JUL-2004,
MICO,EQ,14150,14250,13752,13861.25,13862,14107.1,683,9610540.75,7-JUL-2004,
MICRO,EQ,520,525,515,520.1,520,521.45,16256,8440119.25,7-JUL-2004,
MID-DAY,EQ,29.5,29.5,27.6,27.8,27.6,28.6,12473,354725.35,7-JUL-2004,
MIRCELECTR,EQ,20.75,21,20.5,20.85,20.75,20.75,42361,885045.2,7-JUL-2004,
MIRZATAN,EQ,60.15,61.5,60.05,61.15,61.5,60.45,47025,2860007.4,7-JUL-2004,
MITTALLAMI,EQ,15.5,15.5,15.5,15.5,15.5,15.5,200,3100,7-JUL-2004,
MONNETISPA,EQ,73,73,70.2,71.2,71.85,71.1,8510,607585,7-JUL-2004,
MONSANTO,EQ,1342,1398.95,1342,1391.1,1395,1369.55,7965,11063200,7-JUL-2004,
MORARJESPG,EQ,34,34,34,34,34,34.35,400,13600,7-JUL-2004,
MOREPENHTL,EQ,16.45,16.45,13.75,15.75,15.75,15,201,2966.45,7-JUL-2004,
MOREPENLAB,EQ,6.45,6.5,6.35,6.4,6.4,6.4,145949,941953.55,7-JUL-2004,
MORGANSTAN,EQ,13.75,13.8,13.65,13.7,13.75,13.75,632108,8676507.35,7-JUL-2004,
MOSERBAER,EQ,188.5,193.45,186.9,187.8,187.05,188.05,622384,118064829.2,7-JUL-2004,
MOTHERSUMI,EQ,43.85,43.85,42,43.1,43.25,42.4,16262,696915,7-JUL-2004,
MPHASISBFL,EQ,279.9,287.5,269,271.8,269.4,277,72357,20158859.5,7-JUL-2004,
MRF,EQ,1406,1411,1382,1392.45,1386,1406.5,786,1100022.05,7-JUL-2004,
MRO-TEK,EQ,14.25,15,14.2,14.8,14.8,14.15,38426,564788.4,7-JUL-2004,
MRPL,EQ,38.45,39.9,38.3,39.2,39.25,38.2,1293187,50739537.55,7-JUL-2004,
MTNL,EQ,135.9,139.8,134.65,135.95,136.1,135.05,2800739,384778487.1,7-JUL-2004,
MUKANDENGG,EQ,7.35,7.95,7.3,7.8,7.95,7.55,1150,8685,7-JUL-2004,
MUKANDLTD,EQ,18.85,18.85,17.95,18.05,17.95,18.1,58579,1080471.9,7-JUL-2004,
MUKTAARTS,EQ,45.2,46,45.15,45.5,45.5,45.15,12059,548992.55,7-JUL-2004,
MUNJALAUTO,EQ,64.25,65.8,64.25,65,64.75,64.1,6893,448238.05,7-JUL-2004,
MUNJALSHOW,EQ,174,175,173.55,173.9,173.55,173.65,822,143177.85,7-JUL-2004,
MURUDCERA,EQ,24,24,23,23,23,23.55,1700,39227.5,7-JUL-2004,
MYSORECEM,EQ,8.35,8.65,8.35,8.5,8.5,8.5,51357,438394.5,7-JUL-2004,
NAGARCONST,EQ,150,152.5,148,149.55,149.75,147.1,27684,4160895.05,7-JUL-2004,
NAGARFERT,EQ,9.35,9.4,9.05,9.2,9.25,9.2,780653,7181548.4,7-JUL-2004,
NAHAREXP,EQ,35,35.2,33.5,33.9,33.9,34.4,16895,579480.85,7-JUL-2004,
NAHARINTL,EQ,8.8,9,8.6,8.65,8.6,8.65,8294,72647.4,7-JUL-2004,
NAHARSPG,EQ,114.2,114.8,110.7,111.55,111.25,110.9,23368,2616721.7,7-JUL-2004,
NARMDCHEMA,EQ,13.05,13.4,13.05,13.25,13.25,13.2,13787,183016,7-JUL-2004,
NATCOPHARM,EQ,78.3,78.9,77.5,77.65,78,77.75,43436,3391599.75,7-JUL-2004,
NATIONALUM,EQ,139,143.8,137.8,142.45,142.55,137.65,1509148,213735060.4,7-JUL-2004,
NATNLSTEEL,EQ,11.85,11.85,10.9,11.15,11.15,11.2,39808,443802.95,7-JUL-2004,
NAVBARFERO,EQ,145.5,150,145,148.85,148,147.6,12333,1826071.8,7-JUL-2004,
NAVNETPUBL,EQ,142.9,142.9,139,139.95,139,139.9,2340,328700.25,7-JUL-2004,
NDTV,EQ,83.25,84.8,82.5,82.7,82.55,83.5,168314,14063621.5,7-JUL-2004,
NELCO,EQ,33.35,34.2,31.9,32.1,32.05,33.15,106009,3485208.95,7-JUL-2004,
NEOCURTHER,EQ,0.8,0.8,0.8,0.8,0.8,0.65,500,400,7-JUL-2004,
NEPCMICON,BE,8.6,8.6,6.85,6.95,6.9,7.2,91665,643456.9,7-JUL-2004,
NEYVELILIG,EQ,43.5,45.1,42.7,44.1,44.35,43.3,1270775,56418545.2,7-JUL-2004,
NICCOCORP,EQ,4.25,4.25,4.05,4.05,4.05,4.1,2550,10727.5,7-JUL-2004,
NICOLASPIR,EQ,773,776,751.4,761.6,764,764.85,11151,8570742.4,7-JUL-2004,
NIFTYBEES,EQ,155,158,155,157.5,157.5,155.75,2208,347833.55,7-JUL-2004,
NIIT,EQ,180.7,185,175.5,178.35,180.55,182.8,2244058,405685405.6,7-JUL-2004,
NILKAMPLST,EQ,54.9,54.9,46.6,47.85,47.9,47.7,798,37689,7-JUL-2004,
NIPPOBATRY,EQ,379.4,379.4,379.4,379.4,379.4,357.8,10,3794,7-JUL-2004,
NIPPONDENR,EQ,7.25,7.5,7.25,7.35,7.4,7.3,712888,5290928.35,7-JUL-2004,
NIRMA,EQ,282,283.95,275.05,277.6,279.9,277.9,4731,1326310.55,7-JUL-2004,
NOCIL,EQ,12.8,14.2,12.75,13.45,13.45,12.75,433246,5910652.35,7-JUL-2004,
NOIDATOLL,EQ,7.05,7.05,6.75,6.8,6.8,6.95,4600,31455,7-JUL-2004,
NORBTEAEXP,EQ,2.5,2.55,2.5,2.55,2.55,2.5,500,1265,7-JUL-2004,
NOVAPETRO,EQ,33.5,33.95,33.05,33.05,33.05,33.8,926,30995.1,7-JUL-2004,
NRBBEARING,EQ,150,150,148,148,148,150,195,29230,7-JUL-2004,
NRC,EQ,17.7,18.65,17.7,17.95,17.95,18.2,581,10389.65,7-JUL-2004,
NUCHEM,EQ,1.5,1.8,1.5,1.7,1.7,1.6,19926,32026.7,7-JUL-2004,
NUCLEUS,EQ,96.1,98.95,96.1,96.65,96.5,98.65,7601,739728.35,7-JUL-2004,
OENCONNECT,EQ,178.8,184.5,176.4,179.75,176.4,174.05,530,95266.5,7-JUL-2004,
OILCOUNTUB,EQ,9,9,8.7,8.7,8.7,8.7,6700,58789,7-JUL-2004,
OMAXAUTO,EQ,62.1,64,62,62.85,62.9,62.7,7232,457296.65,7-JUL-2004,
ONGC,EQ,700,702.95,681.15,699.3,700,689.35,3100171,2161945148.7,7-JUL-2004,
ONWARDTEC,EQ,21.1,21.15,20.9,20.9,20.9,21,3007,63262.7,7-JUL-2004,
OPTOCIRCUI,EQ,49.65,49.75,49.05,49.3,49.45,49.1,19823,978262.9,7-JUL-2004,
ORCHIDCHEM,EQ,191.85,193,188,188.9,188.85,190.7,71876,13709337.6,7-JUL-2004,
ORIENTBANK,EQ,244,250,240.35,243.1,242.15,244.15,861178,210251187.95,7-JUL-2004,
ORIENTHOT,EQ,125,125.5,125,125.1,125,122.2,325,40637.5,7-JUL-2004,
ORIENTINFO,EQ,32,32,29.7,29.75,29.7,29.75,38737,1159612.3,7-JUL-2004,
ORIENTPPR,EQ,42.8,43.4,42.35,43.15,43.2,42.85,23811,1021315.3,7-JUL-2004,
ORIENTPRES,EQ,7.65,8,7.65,7.9,8,7.85,300,2365,7-JUL-2004,
OUDHSUG,BE,38.5,39.3,38.5,39.3,39.3,37.4,5018,197027.4,7-JUL-2004,
PADMALAYAT,EQ,52.95,53.35,51.8,52.2,52.5,52.85,19324,1016952.35,7-JUL-2004,
PANACEABIO,EQ,44,45.5,44,44.65,44.5,44.2,4881,220177,7-JUL-2004,
PANTALOONR,EQ,327,338,325,327.1,326,325.15,8069,2644917.75,7-JUL-2004,
PAPERPROD,EQ,172.1,173.35,171.2,171.6,171.7,174,1175,202039.8,7-JUL-2004,
PARASPETRO,EQ,3.85,3.95,3.85,3.95,3.95,3.5,600,2360,7-JUL-2004,
PAREKHPLAT,EQ,7.2,7.25,6.8,7,7,6.75,11731,81512.3,7-JUL-2004,
PARRYSCON,EQ,121.4,121.4,117,117,117,120.5,2,238.4,7-JUL-2004,
PASUPATFAB,EQ,2.45,3.7,2.45,3.7,3.7,3.05,5620,14458.5,7-JUL-2004,
PATNI,EQ,245,245.5,236.85,238.5,239,245.5,325313,78660452.35,7-JUL-2004,
PATSPINLTD,EQ,15.25,15.25,14.55,14.7,14.8,14.6,6169,91101.4,7-JUL-2004,
PAVCI,EQ,8,8.25,7.9,8.1,8.1,8.15,1702,13676.3,7-JUL-2004,
PDUMJEPULP,EQ,26.3,26.6,26.3,26.4,26.4,26.9,1300,34420,7-JUL-2004,
PEACOCKIND,EQ,2.05,2.05,2.05,2.05,2.05,1.95,500,1025,7-JUL-2004,
PEARLGLOBL,EQ,8.1,8.45,7.9,7.95,7.9,8.45,4110,32904,7-JUL-2004,
PEARLPOLY,EQ,4.7,5.1,4.65,5,5.1,5.8,1502,7394.3,7-JUL-2004,
PENTACOMMU,EQ,2.05,2.15,2.05,2.05,2.1,2.1,430810,904247.6,7-JUL-2004,
PENTSFWARE,EQ,5.2,5.3,5.1,5.1,5.15,5.2,619992,3210675.55,7-JUL-2004,
PEPL,EQ,3.8,3.8,3.8,3.8,3.8,4.35,1000,3800,7-JUL-2004,
PETRONENGG,EQ,35,37.7,33.1,36.85,37,35,10807,396543.4,7-JUL-2004,
PETRONET,EQ,22.25,22.5,21.9,22,22,22.05,820397,18122524.85,7-JUL-2004,
PFIZER,EQ,445,462.2,445,459.05,457.1,449.35,22972,10477687.4,7-JUL-2004,
PHARMACIA,EQ,106.2,111.9,106.2,109,111.9,104.25,408,44281.65,7-JUL-2004,
PHILCORP,EQ,3.85,3.95,3.4,3.5,3.5,3.6,2400,8327.5,7-JUL-2004,
PHILIPCARB,EQ,50,51.9,47.2,47.7,48.6,48.15,3500,170370,7-JUL-2004,
PHOENIXLMP,EQ,22.3,22.3,22,22.2,22.3,22,10215,226734.5,7-JUL-2004,
PIDILITIND,EQ,279.95,280,279,279,279,276.5,1884,527405,7-JUL-2004,
PNB,EQ,259.5,266.1,256.1,257.9,256.7,260.3,2528640,660033216.3,7-JUL-2004,
PNBGILTS,EQ,24.4,24.4,24,24.1,24.2,24.25,60606,1464123.65,7-JUL-2004,
PNC,EQ,78.5,78.5,74,75.05,75,77.4,4630,351789.45,7-JUL-2004,
POLARIND,EQ,5.1,5.35,5.1,5.15,5.15,5.15,1512,7881.25,7-JUL-2004,
POLARIS,EQ,144.4,145,138.6,139.75,140.5,144.4,1788674,254112139.45,7-JUL-2004,
POLYPLEX,EQ,115,115,111.25,112,113,113.2,66836,7581646.35,7-JUL-2004,
PONNIERODE,EQ,12.35,12.35,12.35,12.35,12.35,11.75,395,4878.25,7-JUL-2004,
PONNIORISA,EQ,2.1,2.35,2.1,2.35,2.35,2.1,31985,74160.75,7-JUL-2004,
PRAJIND,EQ,132.5,134.75,127.25,128.6,127.65,132.15,117974,15425325.4,7-JUL-2004,
PRAKASH,BE,6.5,7.3,6.15,6.4,6.5,6.2,6990,45959,7-JUL-2004,
PRECWIRE,EQ,40.15,41.85,40.05,40.15,40.05,40.2,1350,55067.5,7-JUL-2004,
PREMAUTOEL,EQ,3.6,3.6,3.6,3.6,3.6,3.85,1000,3600,7-JUL-2004,
PREMINSTR,EQ,449.1,463.25,445,455.5,454.9,441.15,36558,16831561.25,7-JUL-2004,
PRIMESEC,EQ,5.3,5.8,5.3,5.55,5.7,5.7,9556,53733.05,7-JUL-2004,
PRISMCEM,EQ,9.4,9.55,9.25,9.3,9.35,9.35,231038,2171066.95,7-JUL-2004,
PSL,EQ,100,102.9,100,101.8,102.8,99.45,70742,7202318.25,7-JUL-2004,
PTC,EQ,50.4,51.75,49.65,50.4,50.55,49.8,2364338,120534281.95,7-JUL-2004,
PUNJABTRAC,EQ,202.75,214.95,199.95,211.15,212.25,199.4,37261,7810668.2,7-JUL-2004,
RADAAN,EQ,6.1,6.25,6,6,6,6,2600,15900,7-JUL-2004,
RADICO,EQ,115.3,115.3,112.3,112.45,112.3,115.5,15238,1735922.15,7-JUL-2004,
RAINCALCIN,EQ,14.2,14.4,13.85,14,13.95,13.95,247213,3481770.35,7-JUL-2004,
RAJASSPG,EQ,47,47,45.6,46.1,46,46.8,13152,611948.7,7-JUL-2004,
RAJESHEXPO,EQ,154,154,145.55,149.1,150.8,146.65,3745,559975.25,7-JUL-2004,
RAJSREESUG,EQ,26.25,28.35,26.15,27.9,28.25,26.15,172087,4760989.8,7-JUL-2004,
RALLIS,EQ,71.5,75.5,71.5,73.75,73.55,71.35,65848,4875076.95,7-JUL-2004,
RAMANEWSPR,EQ,8.95,9.15,8.85,8.9,9,8.95,92253,831498.1,7-JUL-2004,
RAMCOSYS,EQ,233.85,233.85,226,227.3,229.45,230.05,14080,3225662.6,7-JUL-2004,
RANBAXY,EQ,947.7,973,942.5,968.35,967.25,947.5,544029,521925440.6,7-JUL-2004,
RANEBRAKE,EQ,132.1,132.1,130.05,130.95,131.8,132.55,1389,181569.45,7-JUL-2004,
RANEMADRAS,EQ,140,140,139.05,139.05,139.05,140,11121,1556916.1,7-JUL-2004,
RAYMOND,EQ,190,195,188.5,193.85,194.05,189.1,36042,6946716.55,7-JUL-2004,
RCF,EQ,32,32.55,31.55,32.05,32.1,31.65,893119,28714327.2,7-JUL-2004,
REGENCERAM,EQ,26,26.35,25.9,26.2,26.2,25.75,4107,107575.7,7-JUL-2004,
REL,EQ,570.2,585.6,563,566.85,565,573.25,325101,186589834.6,7-JUL-2004,
RELCAPITAL,EQ,116.9,119.9,116.7,117.8,117.7,117.15,815995,96615354.8,7-JUL-2004,
RELIANCE,EQ,439,443,435,438.4,437.4,438.4,7283552,3199830502.4,7-JUL-2004,
REMSONSIND,EQ,19,19.2,19,19.2,19.2,18.6,200,3820,7-JUL-2004,
RICOAUTO,EQ,240.05,275,240.05,268.1,264.1,266,2831,716830.55,7-JUL-2004,
RIIL,EQ,52.8,53.4,52.4,52.65,52.85,52.25,6570,347455,7-JUL-2004,
RKFORGE,EQ,26.35,27.55,26.35,27.1,27,26.1,42927,1156424.2,7-JUL-2004,
ROLTA,EQ,62.45,63.5,61.75,62.15,61.9,62.45,480185,30081219.55,7-JUL-2004,
RPGTELECOM,EQ,7.75,7.75,7.5,7.55,7.55,7.55,4661,35499.5,7-JUL-2004,
RSSOFTWARE,EQ,14.55,15.05,14.55,14.7,14.65,14.65,1475,21878.5,7-JUL-2004,
RUCHISOYA,EQ,60.05,60.05,59,59.85,59.35,59.7,1842,110105,7-JUL-2004,
SABERORGAN,EQ,12.8,12.8,12,12.3,12.5,12.55,33697,412192.35,7-JUL-2004,
SAELTD,EQ,9.85,10.5,9.85,10.4,10.4,9.95,1600,16725,7-JUL-2004,
SAIL,EQ,30.3,31.45,29.9,31.15,31.15,30.1,47934679,1484807723.15,7-JUL-2004,
SAKHTISUG,EQ,27,28.8,26.8,28,27.75,26.95,165535,4614902.55,7-JUL-2004,
SALORAINTL,EQ,85,87,83.25,85.9,86,82.7,3685,314172.8,7-JUL-2004,
SAMTEL,EQ,55.6,56.4,53.4,53.85,54,54.3,350299,19324272.25,7-JUL-2004,
SANDESH,EQ,83.1,87.5,83.1,84,83.85,84.55,1062,89562.45,7-JUL-2004,
SANGAMIND,EQ,18,18,17.75,17.75,17.75,17.75,1718,30744.5,7-JUL-2004,
SAREGAMA,EQ,49,50,48.9,49.5,49.5,49.05,4049,200519.75,7-JUL-2004,
SATNAMOVER,EQ,66,66.25,64.15,65.25,65.1,65.4,121430,7926317.45,7-JUL-2004,
SATYAMCOMP,EQ,306,311.65,304.05,305.65,306.1,308.65,7825492,2407213711.75,7-JUL-2004,
SAVITACHEM,EQ,117.9,119.5,117,118.05,117.7,113.6,14992,1776074.3,7-JUL-2004,
SAWPIPES,EQ,142.7,147.6,140.5,143.85,143.6,141.25,852222,123741423.4,7-JUL-2004,
SB&TINTL,EQ,36.85,38,36.25,37.5,37.55,36.2,150498,5617329.2,7-JUL-2004,
SBIHOMEFIN,EQ,11.95,12.25,11.7,12.1,12,11.85,41929,501624.65,7-JUL-2004,
SBIN,EQ,436,444.5,433.55,436.55,437.05,438.4,5445639,2390265116.1,7-JUL-2004,
SCI,EQ,105.95,109.3,105.8,106.8,107,105.3,2370482,255367432.35,7-JUL-2004,
SEAMECLTD,EQ,37.4,38.2,37.25,37.65,37.9,36.5,14595,549917.2,7-JUL-2004,
SEARLEIND,EQ,27,28.5,27,27.3,27.5,26.55,8605,239203,7-JUL-2004,
SESAGOA,EQ,389,396,377.7,381.4,380,392.55,666208,258889522.35,7-JUL-2004,
SESHAPAPER,EQ,63.1,63.9,62.55,63.1,63,63.05,3281,207418.15,7-JUL-2004,
SHAKTIGAS,EQ,3.15,3.4,3.05,3.35,3.4,3.1,21550,69887.55,7-JUL-2004,
SHANTIGEAR,EQ,288,293,279.3,281.95,285.65,287.2,8912,2530407.8,7-JUL-2004,
SHASUNCHEM,EQ,371.95,375,365,365.95,365,368.8,1876,695549,7-JUL-2004,
SHIVTEX,EQ,11,11.5,11,11.5,11.5,11.65,1000,11250,7-JUL-2004,
SHREECEM,EQ,159.5,169.9,157.05,166.15,169.9,160.65,46033,7605159.4,7-JUL-2004,
SHREERAMA,EQ,5.85,6,5.75,5.85,5.75,5.9,30874,181319.35,7-JUL-2004,
SHRENUJ,EQ,40.85,41,39.25,39.4,39.25,39.5,750,30310.95,7-JUL-2004,
SHREYASHIP,EQ,16.45,16.9,16,16.15,16.2,16.15,8998,147501.8,7-JUL-2004,
SHRIRAMINV,EQ,24.8,25,24.75,24.9,24.75,24.95,1050,26122.5,7-JUL-2004,
SHYAMTELE,EQ,42.85,43.5,42.1,42.3,42.15,42.85,43394,1861419.4,7-JUL-2004,
SICAL,EQ,13.45,14.6,13.4,13.75,14.3,13.6,8086,111387.7,7-JUL-2004,
SIEMENS,EQ,879.9,879.9,845,861.9,872,860.7,4929,4246898.8,7-JUL-2004,
SIL,EQ,3.85,4.15,3.55,4,4,3.85,5503,20511.95,7-JUL-2004,
SINTEX,EQ,120,120,115.5,115.8,116,120,11682,1367307.85,7-JUL-2004,
SIRPAPER,EQ,82,84,82,82.75,82.55,81,3057,252754.2,7-JUL-2004,
SIVIND,EQ,2.1,2.1,1.9,1.9,1.9,1.9,2200,4380,7-JUL-2004,
SKFBEARING,EQ,81.4,82.65,80.75,81.2,81,81.1,39262,3215348.4,7-JUL-2004,
SKFBEARING,W1,260,300,260,300,300,300,400,112000,7-JUL-2004,
SKMEGGPROD,EQ,8.25,9.6,8.1,8.1,8.1,8.25,2105,17793.95,7-JUL-2004,
SKUMARSYNF,EQ,5.75,5.75,4.9,5.05,5.05,5.15,4853,24576.2,7-JUL-2004,
SMZSCHEM,EQ,3.9,4.9,3.9,4.9,4.9,4.5,110,439,7-JUL-2004,
SNOWCEMIND,EQ,7.65,7.8,7.4,7.7,7.7,7.85,3079,23375.45,7-JUL-2004,
SOFFIASOFT,EQ,20.25,20.25,18.9,19.45,19.6,19.8,2737,53250.75,7-JUL-2004,
SOFTPRO,EQ,9.2,10.25,9.2,9.35,10.25,9.95,937,8700.75,7-JUL-2004,
SOFTSOLINT,EQ,132,145,131.9,132.85,132.9,132.05,559412,77368485.9,7-JUL-2004,
SOFTTECHGR,EQ,6.55,7.45,6.55,6.7,6.7,6.8,2304,15537.9,7-JUL-2004,
SOLECTCENT,EQ,62.5,63,60.1,60.4,60.1,61.45,7516,461575.6,7-JUL-2004,
SOMATEX,EQ,15,15.25,14.9,15,15,14.75,8500,127633.5,7-JUL-2004,
SONASTEER,EQ,148,154,146.5,147.9,146.5,147.35,17116,2551620.05,7-JUL-2004,
SONATSOFTW,EQ,11.7,11.7,11.3,11.4,11.35,11.5,66328,760069.85,7-JUL-2004,
SOUNDCRAFT,EQ,0.75,0.75,0.7,0.7,0.7,0.75,117659,82971.3,7-JUL-2004,
SOUTHBANK,EQ,49.85,49.95,48.2,49.2,49,48.85,52868,2615834.7,7-JUL-2004,
SPIC,EQ,9.1,9.45,9.1,9.25,9.3,9.05,56719,529100.85,7-JUL-2004,
SPLLTD,EQ,32.25,32.4,31,31,31,32.25,850,26615,7-JUL-2004,
SQRDSFWARE,EQ,7.05,7.25,6.9,6.95,6.95,7.1,54619,384093.15,7-JUL-2004,
SREINTFIN,EQ,18,18,17.8,17.85,18,17.85,2350,42070,7-JUL-2004,
SRERAYHIST,EQ,2.6,2.6,2.6,2.6,2.6,2.4,150,390,7-JUL-2004,
SRF,EQ,38.35,39.2,38.3,38.55,38.4,38.8,28447,1101986.75,7-JUL-2004,
SRGINFOTEC,EQ,0.6,0.65,0.55,0.6,0.6,0.55,127019,77798.3,7-JUL-2004,
SRIADIKARI,EQ,66.45,67.4,65.65,66.3,66.5,65.45,70458,4698521.75,7-JUL-2004,
SRTRANSFIN,EQ,25.5,25.6,25.2,25.45,25.2,25.45,6879,175201.1,7-JUL-2004,
STAR,EQ,119,121,116.25,116.8,117,118.35,45074,5345470.1,7-JUL-2004,
STARPAPER,EQ,26.8,26.8,24.95,24.95,24.95,25,5100,127935,7-JUL-2004,
STCINDIA,EQ,70.15,71.75,69.6,69.7,69.7,69.9,9415,662039.95,7-JUL-2004,
STEELTUBES,EQ,1.4,1.7,1.4,1.7,1.7,1.6,9300,14985,7-JUL-2004,
STER,EQ,468.85,494.65,461,484,488,460.15,11876,5711879.3,7-JUL-2004,
STERLINBIO,EQ,119,120.85,116.3,120.15,120.8,118.35,403676,48290100.2,7-JUL-2004,
STROPTICAL,EQ,43.65,45.4,43.5,44.15,44.15,43.5,289332,12919141.35,7-JUL-2004,
SUBEX,EQ,222,249.9,222,244.2,245,246.3,6395,1556513.55,7-JUL-2004,
SUNDARMFIN,EQ,197.25,198.5,197.25,198.1,198.35,198.65,2533,501394,7-JUL-2004,
SUNDRMBRAK,EQ,259.9,259.9,259.9,259.9,259.9,253.2,5,1299.5,7-JUL-2004,
SUNDRMCLAY,EQ,408.9,415,398,398.25,398.25,400.65,1167,479313,7-JUL-2004,
SUNDRMFAST,EQ,90,90.4,88.85,89.45,89.5,89.95,29262,2623584.95,7-JUL-2004,
SUNPHARMA,EQ,369,371.65,365.35,367.4,367,367.9,74440,27496888.85,7-JUL-2004,
SUPPETRO,EQ,15.85,16.25,15.85,16.15,16.05,15.85,17945,289903.35,7-JUL-2004,
SUPREMEIND,EQ,171.85,172,170,170.7,172,170.95,4197,720389,7-JUL-2004,
SURAJDIAMN,EQ,19.15,19.45,18.95,19.15,19.35,19.05,28364,546036.45,7-JUL-2004,
SURANATELE,EQ,17.5,17.5,17.1,17.2,17.15,17.25,1460,25239,7-JUL-2004,
SURATELEC,EQ,193.45,193.45,180.5,186.75,187,185,610,112201.5,7-JUL-2004,
SURYAPHARM,EQ,33.5,34.5,33.5,33.95,33.9,33.95,5335,182016.5,7-JUL-2004,
SURYAROSNI,EQ,16,16.2,15.75,16,15.85,16,89000,1423471.55,7-JUL-2004,
SURYCOTMIL,EQ,70,72,68,69.95,70,70.3,3940,275823.4,7-JUL-2004,
SUTLEJINDS,EQ,70,70.3,65.5,70.1,70.3,68,4002,271140.25,7-JUL-2004,
SUVEN,EQ,52.7,53.9,52,52.1,52.1,53.55,2814,148841.55,7-JUL-2004,
SWARAJENG,EQ,299,302.3,291,292.25,291,296,2809,835544.4,7-JUL-2004,
SWARAJMAZD,EQ,240.7,267.5,240.7,250.65,250,248.75,73159,19210199.5,7-JUL-2004,
SYNDIBANK,EQ,33.3,33.6,32.55,32.7,32.6,33.1,606409,20072863.7,7-JUL-2004,
TAINWALCHM,EQ,4,4,4,4,4,4,1550,6200,7-JUL-2004,
TAJGVK,EQ,115,117.3,114.2,115.85,114.2,114.8,2625,304727.35,7-JUL-2004,
TASCPHARMA,EQ,41.5,44.35,40.2,41,40.2,41.45,85767,3609506.8,7-JUL-2004,
TATACHEM,EQ,120,124,119.15,123.4,123.2,119.2,894203,109197430.05,7-JUL-2004,
TATAELXSI,EQ,113.5,115.4,109.65,110.6,110.95,114.1,601465,68025163.9,7-JUL-2004,
TATAFIN,EQ,37,37.6,36.2,36.4,36.25,36.95,133221,4917682.65,7-JUL-2004,
TATAHONEY,EQ,360,363.9,353,360,361,345.1,5865,2108306.55,7-JUL-2004,
TATAINFO,EQ,180,182,179,180.05,179.35,179.8,4170,752286.45,7-JUL-2004,
TATAINFOTE,EQ,360,363,350,352.45,350.1,356.85,4955,1760819.75,7-JUL-2004,
TATAMETALI,EQ,65,67.7,64.75,65.9,65.65,64.15,60339,3988368.3,7-JUL-2004,
TATAMOTORS,EQ,384.9,396.25,384.1,392.55,392.6,384.9,8053963,3156868982.3,7-JUL-2004,
TATAMOTORS,W1,274.9,274.9,260,262.9,262.9,260,3422,911909.1,7-JUL-2004,
TATAPOWER,EQ,249.8,261.3,249,255.1,255.2,251.6,7816025,2010972709.5,7-JUL-2004,
TATASPONGE,EQ,87,90.5,87,88.6,88.9,86.5,54034,4808376,7-JUL-2004,
TATATEA,EQ,387.5,405.7,385,394.15,393.6,387.55,693856,275053532.7,7-JUL-2004,
TATATELECM,EQ,213.75,217.05,210.65,211.5,212.25,214.85,9785,2093238.9,7-JUL-2004,
TATATELSER,EQ,18.4,18.8,18.25,18.3,18.3,18.3,2497939,46131862.1,7-JUL-2004,
TATAVASHIS,EQ,9,9.15,8.9,9,9.1,9.05,11116,100071.6,7-JUL-2004,
TCI,EQ,47.5,47.5,42.5,45.4,45.4,43.9,1617,71482.1,7-JUL-2004,
TFCILTD,EQ,10.5,10.65,10.25,10.45,10.4,10.3,60925,635994.85,7-JUL-2004,
THERMAX,EQ,395,395,386.65,389.15,387.15,389.55,5805,2259957.15,7-JUL-2004,
THERMAX,P1,9.6,9.95,9.6,9.9,9.95,9.4,18425,182405.05,7-JUL-2004,
THIRUSUGAR,EQ,72,72.5,70.65,71,71,69.15,1816,130112.85,7-JUL-2004,
THOMASCOOK,EQ,424,424,395.2,397.75,396.65,397.8,3681,1474437.4,7-JUL-2004,
TIL,EQ,20.85,22.45,20.85,21.7,21.7,21.55,4100,89555,7-JUL-2004,
TIMESGTY,EQ,8.55,8.55,7.85,7.85,7.85,7.1,100,820,7-JUL-2004,
TIPSINDLTD,EQ,28,28.45,27.6,27.6,27.6,27.8,7459,209028.6,7-JUL-2004,
TIRUMALCHM,EQ,63.15,64.25,62,62.45,62.45,63.95,4039,252809.5,7-JUL-2004,
TISCO,EQ,312.5,319.75,311.55,316.4,315.6,313.25,12057525,3806344640.55,7-JUL-2004,
TITAN,EQ,112.25,113.8,92.55,108.8,107.65,109.65,72479,7918350.15,7-JUL-2004,
TITANOCOMP,EQ,60.3,61.4,60.25,61.15,61.3,60.45,1400,85008.75,7-JUL-2004,
TNPETRO,EQ,19.75,19.75,19.3,19.4,19.45,19.5,37899,740181.75,7-JUL-2004,
TNPL,EQ,54.15,55.6,54,55.3,55.6,54.55,22140,1219309.3,7-JUL-2004,
TNTELE,EQ,7.6,7.8,7.6,7.7,7.8,7.7,1000,7640,7-JUL-2004,
TODAYS,EQ,42,42,40.05,40.55,41,43.5,590,23924.5,7-JUL-2004,
TOKYOPLAST,EQ,3,3.15,3,3.05,3,3,5,15.25,7-JUL-2004,
TORNTPHARM,EQ,315.95,316,306,310.25,306,313.6,7834,2454954.65,7-JUL-2004,
TRENT,EQ,265.05,270.95,265.05,269.85,270.95,270.25,2515,677036.65,7-JUL-2004,
TTKPRESTIG,EQ,14.5,14.6,14.2,14.25,14.2,13.9,1600,23225,7-JUL-2004,
TUBEINVEST,EQ,269,271.6,261.1,261.7,261.15,264.85,7344,1946378.5,7-JUL-2004,
TV18,EQ,163.9,163.9,158.5,158.95,158.55,161.75,20010,3214828.3,7-JUL-2004,
TVSELECT,EQ,45.6,45.9,44.55,45.1,45.2,44.7,8533,385151.9,7-JUL-2004,
TVSMOTOR,EQ,66.5,67.5,64.25,64.75,64.5,65.75,98398,6464102.05,7-JUL-2004,
TVTODAY,EQ,112.15,113.75,110.1,110.55,110.8,112.15,47442,5303447.8,7-JUL-2004,
UCALFUEL,EQ,250,253,248,250.35,248,249.2,4790,1197116.6,7-JUL-2004,
UCOBANK,EQ,19.75,19.9,19.5,19.55,19.55,19.5,446366,8772323.65,7-JUL-2004,
UMITL,EQ,1.75,1.8,1.75,1.75,1.75,1.8,12400,21750,7-JUL-2004,
UNICHEMLAB,EQ,114.9,115.9,113.8,115.25,115.4,114.15,18495,2125802.65,7-JUL-2004,
UNIENTER,EQ,10.4,10.4,10,10.2,10.3,10.15,13834,140924,7-JUL-2004,
UNIONBANK,EQ,57.5,58.45,56.05,56.4,56.2,57.8,2621154,150265875.1,7-JUL-2004,
UNIONCARBI,EQ,31.8,33.6,31.6,31.85,31.7,31.6,108056,3509802.35,7-JUL-2004,
UNIPHOS,EQ,511.1,523,510,520.45,520.05,517.65,9119,4726287.2,7-JUL-2004,
UNITECH,EQ,103.2,103.2,99.15,101,101,100.35,159,16060.1,7-JUL-2004,
UNIVCABLES,EQ,16.6,17.1,16.3,17.05,17.05,16.5,10195,171455.2,7-JUL-2004,
UNIWESTBNK,EQ,26.35,27.4,26.3,26.8,26.95,26.4,7180,192879.75,7-JUL-2004,
UPERGANGES,BE,64,66.15,64,66.15,66.15,63,12176,798362.65,7-JUL-2004,
US64BONDS,N1,106.9,107,106.7,106.9,106.9,106.85,72231,7721027.3,7-JUL-2004,
USHABEL,EQ,40.7,41.45,40.25,41.1,41.25,40.2,27212,1107267.7,7-JUL-2004,
UTIBANK,EQ,127.1,132,122.25,123.9,122.25,126.35,94779,12055334.5,7-JUL-2004,
UTTAMSTL,EQ,13.65,13.95,13.35,13.5,13.6,13.4,174098,2374362.75,7-JUL-2004,
VAIBHAVGEM,EQ,39,39,39,39,39,34.65,20,780,7-JUL-2004,
VARDHACRLC,EQ,7.85,8.1,7.8,7.9,8.1,7.85,34550,274207.5,7-JUL-2004,
VARDHMNSPG,EQ,138.5,140.8,138,139.5,139.4,136.55,13338,1859749.85,7-JUL-2004,
VARDMNPOLY,EQ,57,59,57,58.6,58.3,58.25,33260,1947864.8,7-JUL-2004,
VARUNSHIP,EQ,21.95,22.6,21.7,21.9,21.95,21.6,313173,6959844.45,7-JUL-2004,
VDOCONAPPL,EQ,11.4,11.7,11.4,11.5,11.5,11.4,15709,181168.1,7-JUL-2004,
VDOCONINTL,EQ,31.85,32,30.5,30.95,30.9,31.6,372911,11728814.6,7-JUL-2004,
VDOLEASE,EQ,24.4,24.4,24.4,24.4,24.4,25,100,2440,7-JUL-2004,
VENKEYS,EQ,64,69.25,63.75,66.55,67,63.05,26195,1748658.25,7-JUL-2004,
VESUVIUS,EQ,97.6,98.5,95.05,95.95,95.1,95.6,7686,745657.1,7-JUL-2004,
VIJAYABANK,EQ,41.9,42.75,41.5,41.6,41.6,42,1985351,83496884.2,7-JUL-2004,
VINDHYATEL,EQ,30.1,34,30.1,33.6,33.6,33.15,14058,470485.15,7-JUL-2004,
VINTAGE,EQ,5.2,5.2,5.2,5.2,5.2,5.5,150,780,7-JUL-2004,
VINYLCHEM,EQ,7.9,8.05,7.9,8,8,7.85,2004,16061.9,7-JUL-2004,
VIPIND,EQ,26.25,29,26.25,28.6,28.6,28.8,4660,132287.65,7-JUL-2004,
VISAKAIND,EQ,41.4,41.95,41.15,41.55,41.55,40.55,2163,89745.6,7-JUL-2004,
VISESHINFO,EQ,4.1,4.2,4.1,4.1,4.1,4.05,7550,31055,7-JUL-2004,
VISHALEXPO,EQ,33.9,33.9,32.3,32.5,32.55,33.05,19331,633867.55,7-JUL-2004,
VISIONLTD,EQ,0.8,0.8,0.8,0.8,0.8,0.8,1000,800,7-JUL-2004,
VISUALSOFT,EQ,123,125,118.4,119.3,119.45,123.1,834499,101854907.8,7-JUL-2004,
VLSFINANCE,EQ,3.3,3.5,3.3,3.45,3.45,3.4,3800,12890,7-JUL-2004,
VOLTAS,EQ,110.5,111.5,108.25,109.6,108.25,110.55,23543,2584754,7-JUL-2004,
VSNL,EQ,172.6,177.9,172.55,177.55,177.05,172.5,207235,36506831.15,7-JUL-2004,
VSTIND,EQ,205,205,200.5,205,205,205,75,15154.5,7-JUL-2004,
VXL,EQ,4.95,5,4.9,4.95,4.9,4.8,20248,100828.2,7-JUL-2004,
VYSYABANK,EQ,376.75,384.8,362,364.25,362,371.25,10550,3960097.35,7-JUL-2004,
WALCHANNAG,EQ,62.5,63.5,62.5,63.5,63.5,63.75,200,12650,7-JUL-2004,
WARTSILA,EQ,136.9,137,136.9,137,137,134,129,17670.1,7-JUL-2004,
WEIZMANIND,EQ,5.5,5.9,5.25,5.4,5.25,5.2,358,1947.5,7-JUL-2004,
WELLWININD,EQ,7.15,7.25,7.15,7.15,7.15,7.15,15725,113040,7-JUL-2004,
WELSPUNGUJ,EQ,29.3,30.85,29.05,30.6,30.8,29.3,685200,20851449.45,7-JUL-2004,
WELSPUNIND,EQ,80.95,82.25,80.95,81.7,81.55,80.25,8955,733448.5,7-JUL-2004,
WHEELS,EQ,204.9,205,184.5,185.55,185,199.85,8187,1567195.6,7-JUL-2004,
WIMCO,EQ,26.45,26.6,26.05,26.5,26.5,26.25,17448,462207,7-JUL-2004,
WINSOMYARN,EQ,8.9,8.9,7.8,8.05,8.1,7.85,3501,27998.1,7-JUL-2004,
WIPRO,EQ,530,536,513.2,516.15,515.5,532.15,1456674,760635886.35,7-JUL-2004,
WOCKLIFE,EQ,20.25,22,20.25,20.85,21,20.35,32343,686224.2,7-JUL-2004,
WOCKPHARMA,EQ,257,268.9,255.5,267.1,268.9,255.25,165590,43795878,7-JUL-2004,
WSTCSTPAPR,EQ,182,182,180.1,180.35,180.1,181.8,1385,250938.5,7-JUL-2004,
WYETHLEDE,EQ,407.55,417,407.55,417,417,407.3,2612,1081098.5,7-JUL-2004,
XPROINDIA,EQ,27.75,28.5,27.75,28.15,28,28.25,958,27017.5,7-JUL-2004,
ZANDUPHARM,EQ,2560,2560,2550,2550,2550,2566.65,7,17870,7-JUL-2004,
ZEETELE,EQ,127,129.5,126.5,127.5,127.35,127.75,1443719,184529579.3,7-JUL-2004,
ZENITHCOMP,EQ,17.75,18.75,17.5,18.35,18.25,17.45,19790,363533.5,7-JUL-2004,
ZENITHEXPO,EQ,41.5,44.35,40,41.9,41.9,40.4,497,21002.45,7-JUL-2004,
ZENITHINFO,EQ,12.4,13,12.4,12.6,13,12.55,4210,52947.5,7-JUL-2004,
ZENSARTECH,EQ,84,84.55,79.5,79.85,80,83.7,45787,3754461.8,7-JUL-2004,
ZODIACLOTH,EQ,239.95,242.8,239.95,242.35,242.8,239.25,190,45750.25,7-JUL-2004,
ZODJRDMKJ,EQ,10.9,11.7,10.9,11.65,11.7,11.25,305,3328.2,7-JUL-2004,
ZUARIAGRO,EQ,38.6,42.5,38.6,41.9,42,41.95,15972,672169.7,7-JUL-2004,
