SYMBOL,SERIES,OPEN,HIGH,LOW,CLOSE,LAST,PREVCLOSE,TOTTRDQTY,TOTTRDVAL,TIMESTAMP,
3IINFOTECH,EQ,151.7,152,141.5,143.5,142.95,149.1,884639,128788273.7,8-OCT-2007,
3MINDIA,EQ,1720.5,1788,1686,1749.9,1749.9,1795,2594,4514126.15,8-OCT-2007,
AARTIDRUGS,EQ,75.5,77.5,74.05,74.45,74.05,76,5378,406008.5,8-OCT-2007,
AARTIIND,EQ,29.65,30.25,28.1,28.75,28.8,30.1,52100,1501642.25,8-OCT-2007,
AARVEEDEN,EQ,75.1,76,73.45,73.45,73.45,77.3,2425,179975.75,8-OCT-2007,
ABAN,EQ,3606,3799.9,3545,3744.75,3749.95,3596.7,327330,1204364990.65,8-OCT-2007,
ABB,EQ,1399,1400,1320,1353.05,1341.9,1383.2,557784,755187879.1,8-OCT-2007,
ABGSHIP,EQ,665,671,640.1,644.95,642,670.1,15069,9773165.8,8-OCT-2007,
ABIRLANUVO,EQ,1662.05,1700,1600.85,1640.05,1640,1688.95,120708,197693664.95,8-OCT-2007,
ABSHEKINDS,EQ,23.4,23.4,20.15,20.6,20.6,22.1,240192,5011887.1,8-OCT-2007,
ACC,EQ,1177.95,1230,1097,1115.15,1115,1177.95,638203,715401669.75,8-OCT-2007,
ACE,EQ,339.35,348.6,330.05,335.3,334.5,335.85,45112,15289316.7,8-OCT-2007,
ADANIENT,EQ,721,748,641,649.35,651,703.1,1489262,1015402762.45,8-OCT-2007,
ADHUNIK,EQ,104.45,104.45,92.05,93.95,93.6,102.65,447120,43233527.6,8-OCT-2007,
ADLABSFILM,EQ,542,554.8,501.2,507.1,509,549.65,312234,160820347.35,8-OCT-2007,
ADORWELD,EQ,250.1,250.1,240,242.3,243.7,248.05,2909,706391.6,8-OCT-2007,
ADSL,EQ,388.5,388.85,361.3,382.9,385,384.4,56345,21052719.75,8-OCT-2007,
ADVANIHOTR,BE,360.1,370,357.75,369.95,369.95,375,1647,592770.45,8-OCT-2007,
ADVANTA,EQ,1058,1098.4,978,1035,1043.9,1068,31315,32046517.85,8-OCT-2007,
AEGISCHEM,EQ,152.2,154,145.25,146.6,146.1,154.85,7683,1141292.55,8-OCT-2007,
AFL,EQ,83,83.1,76.75,78.25,78,84.05,50100,3923785.45,8-OCT-2007,
AFTEK,EQ,70.8,72,66.05,67.55,67.5,69.4,386333,26134077.35,8-OCT-2007,
AGRODUTCH,EQ,28,28.1,26.9,27.25,27.15,28.2,39854,1091788.2,8-OCT-2007,
AHMEDFORGE,EQ,225,227,211.25,214.15,213,225.1,14187,3079970.2,8-OCT-2007,
AIAENG,EQ,1294,1294,1204,1210.7,1213,1287.75,35657,43334032.75,8-OCT-2007,
AICHAMP,BE,73.05,77.95,72.95,73.25,74.45,76.5,268,19837.2,8-OCT-2007,
AIRDECCAN,EQ,156.15,159,146.25,150,149.3,156.55,991762,149956423.85,8-OCT-2007,
AJANTPHARM,EQ,95.5,96.65,92,94.15,94.6,97.35,4549,428628.85,8-OCT-2007,
AKRUTI,EQ,798.6,798.6,725,737.25,735,773.05,82304,61894701.3,8-OCT-2007,
AKSHOPTFBR,BE,62.7,62.7,58.5,62.7,62.7,59.7,483835,30096098,8-OCT-2007,
ALBK,EQ,99,100.9,92.55,93.75,93.85,99.8,459782,43687650.25,8-OCT-2007,
ALCHEM,EQ,77,79,73.2,73.7,73.55,77.05,34652,2594350.1,8-OCT-2007,
ALEMBICLTD,EQ,85,85,80.5,82.9,82.5,83.35,125035,10254212,8-OCT-2007,
ALFALAVAL,EQ,973.1,980,970,971.75,970,979.2,433,421793.3,8-OCT-2007,
ALLCARGO,EQ,940,945,900,909.95,918,940,15884,14602590.35,8-OCT-2007,
ALLSEC,EQ,169,169,137,140.2,138.3,146.65,38096,5446368.5,8-OCT-2007,
ALOKTEXT,EQ,68.95,69.5,63.2,65.1,65,67.95,1299120,84835308.95,8-OCT-2007,
ALPA,EQ,43,43,39.75,40.45,40.5,42.5,59802,2450239.35,8-OCT-2007,
ALPHAGEO,EQ,516,530,498.6,498.6,498.6,524.8,6908,3492525.35,8-OCT-2007,
ALPSINDUS,EQ,49,49,46.35,46.55,46.5,49.25,43627,2064411.45,8-OCT-2007,
AMAR,EQ,33.4,33.55,31.35,31.9,31.8,33.4,66618,2154144.3,8-OCT-2007,
AMARAJABAT,EQ,139.85,144,131.1,142.15,142,135.65,187802,25709081.7,8-OCT-2007,
AMBICAAGAR,EQ,17.5,17.9,16.1,16.25,16.3,17.55,37006,619511.75,8-OCT-2007,
AMBUJACEM,EQ,147.5,148,142.6,145.1,145.1,147.25,1383163,199971115.65,8-OCT-2007,
AMDMET,EQ,47,47,42.25,42.7,42.8,46.35,105050,4624660.4,8-OCT-2007,
AML,EQ,43.85,43.9,39.7,40.05,40,42.4,23711,962803.45,8-OCT-2007,
AMTEKAUTO,EQ,371.15,374,360,364.8,364,371.95,68826,25258836.25,8-OCT-2007,
AMTEKINDIA,EQ,174,182,161,161.95,161,173.25,125041,21203354.65,8-OCT-2007,
ANANTRAJ,EQ,337,337.95,301,303.85,302.15,1640.25,40510,12697732.1,8-OCT-2007,
ANDHRABANK,EQ,97,97.95,87.05,87.9,87.45,96.2,1010835,91264967.15,8-OCT-2007,
ANDHRSUGAR,EQ,87.4,87.4,81.75,82.55,82.75,86.4,39383,3258672.4,8-OCT-2007,
ANGAUTO,EQ,180,180,173,173.25,173.25,181.5,1527,270207.7,8-OCT-2007,
ANKURDRUGS,EQ,405,408.75,400,403.65,404,401,26341,10591608.45,8-OCT-2007,
ANSALHSG,EQ,194.95,196,185,186.7,185.9,192.85,12201,2310971.9,8-OCT-2007,
ANSALINFRA,EQ,277.4,277.4,252.3,255.8,253.3,275.5,247946,64605990.8,8-OCT-2007,
ANTGRAPHIC,BE,0.65,0.65,0.55,0.6,0.6,0.6,162045,96227,8-OCT-2007,
APARINDS,EQ,206.5,210.95,206.5,210.05,210.5,210,8445,1767929.4,8-OCT-2007,
APCOTEXIND,EQ,39.1,41,38,38.7,38.5,39.85,23436,935272.55,8-OCT-2007,
APIL,EQ,845,856.7,786.5,819.9,820,840.55,249490,202112636.7,8-OCT-2007,
APOLLOHOSP,EQ,496.05,496.05,483,488.4,487.5,485.95,27539,13370923.15,8-OCT-2007,
APOLLOTYRE,EQ,38.9,39,36.8,37.05,36.8,38.35,373319,14115419.45,8-OCT-2007,
APPAPER,EQ,89.7,92.95,88.3,88.55,88.3,91.05,2310,206983.75,8-OCT-2007,
APTECHT,EQ,387.1,388,350.1,354.75,354.9,382.7,476874,173264079.05,8-OCT-2007,
ARCHIES,EQ,140,140,129,131.35,130,137.5,16400,2192414.8,8-OCT-2007,
ARIHANT,EQ,479.85,479.85,470,472.8,478,482.9,1247,589116.4,8-OCT-2007,
ARL,EQ,2.55,2.6,2.15,2.25,2.3,2.5,1553145,3656925.75,8-OCT-2007,
AROGRANITE,EQ,93,93,90.1,90.1,90.1,94.95,475,43397.5,8-OCT-2007,
ARSBONDS,N1,98,99,98,99,99,98.99,41314,4051803.3,8-OCT-2007,
ARVINDMILL,EQ,63.65,64.3,56.1,57.35,56.75,62.55,7627452,444143604.8,8-OCT-2007,
ASAHIINDIA,EQ,119.5,122,108.05,116.1,116,117.85,71002,8228112.3,8-OCT-2007,
ASAL,EQ,84,84,80.85,83.75,83.75,85.35,906,73771.75,8-OCT-2007,
ASHAPURMIN,EQ,486.45,502,462.25,489.25,488.05,480.8,179065,86658879.6,8-OCT-2007,
ASHIMASYN,EQ,8.5,8.5,8,8.2,8.25,8.5,25013,205105.55,8-OCT-2007,
ASHOKLEY,EQ,42.6,42.6,38.3,39.1,39.05,42.1,5680672,222742625.25,8-OCT-2007,
ASIANELEC,EQ,849,850,766.55,770.65,768.5,835.5,35121,27763785.7,8-OCT-2007,
ASIANHOTEL,EQ,672.65,699.7,651.2,661.55,663.8,677.8,3473,2295318.75,8-OCT-2007,
ASIANPAINT,EQ,960,960,914,944.8,955,946.15,16770,15644997.15,8-OCT-2007,
ASIANTILES,EQ,104.05,104.05,99.65,100.4,100.25,104.05,50038,5081628.85,8-OCT-2007,
ASIL,EQ,6.55,6.95,6.55,6.9,6.9,6.95,4705,31463.95,8-OCT-2007,
ASSAMCO,BE,23.75,25.4,23.4,23.4,23.4,24.6,22967,540358.35,8-OCT-2007,
ASTRAL,EQ,132.5,139.35,120.25,123.55,123.4,129.9,41670,5471600.15,8-OCT-2007,
ASTRAMICRO,EQ,143.5,144.85,137.05,137.8,137.5,140.45,50304,7044435.05,8-OCT-2007,
ASTRAZEN,EQ,565.2,574.8,550,561.05,566,564,928,516275.7,8-OCT-2007,
ATFL,EQ,158,159,149.05,155,155,159.75,38562,5968100.9,8-OCT-2007,
ATLANTA,EQ,328.5,328.5,290,291.9,291.55,322,119746,35985830.4,8-OCT-2007,
ATLASCYCLE,EQ,169,171.5,162.15,165,165,167.45,1938,320345.85,8-OCT-2007,
ATNINTER,BE,2.45,2.45,2.35,2.35,2.35,2.45,7505,17836.85,8-OCT-2007,
ATUL,EQ,76,76,72,73.3,73,75.7,33881,2497326.95,8-OCT-2007,
AURIONPRO,EQ,450,450,430,444.2,436,460,3568,1566426.75,8-OCT-2007,
AUROPHARMA,EQ,593.2,594.75,575,578,577.55,593.1,68180,39896521.9,8-OCT-2007,
AUTOAXLES,EQ,496,496,476,480,480,505.4,1500,727617.2,8-OCT-2007,
AUTOIND,EQ,208.1,210,197.45,205.35,205.4,210.4,25338,5194054.25,8-OCT-2007,
AVAYAGCL,EQ,302,305,292,293,295,305.4,17297,5115249.3,8-OCT-2007,
AVENTIS,EQ,1163,1180,1145,1146.25,1146.2,1167.7,1483,1707511.5,8-OCT-2007,
AVTNPL,EQ,90.25,94.8,88.1,88.35,88.15,91.25,575,52466.15,8-OCT-2007,
AXIS-IT&T,BE,11.7,11.7,11.35,11.4,11.4,11.95,2800,32450,8-OCT-2007,
AXISBANK,EQ,740,747.7,689,715.65,722.05,738.9,364012,259035118.75,8-OCT-2007,
AZTECSOFT,EQ,65,65,61.5,62.65,62.75,63.95,54373,3398800.05,8-OCT-2007,
BAGFILMS,EQ,88.9,88.9,81.65,81.65,81.65,85.95,785304,65749244.55,8-OCT-2007,
BAJAJAUTO,EQ,2625,2672.5,2571.25,2595.95,2576,2615.15,286347,745458128.85,8-OCT-2007,
BAJAJHIND,EQ,167.5,167.5,148.1,149.75,148.95,161.8,2057986,313765873.05,8-OCT-2007,
BAJAUTOFIN,EQ,354,362,346.5,359.9,360,352.85,16493,5923547.1,8-OCT-2007,
BALAJITELE,EQ,272.7,282.5,260,269,271,274.1,187816,51436167.15,8-OCT-2007,
BALAMINES,EQ,119.95,119.95,109.1,112.1,112.1,112.65,398,44466.25,8-OCT-2007,
BALKRISIND,EQ,582,585.25,580,585.1,585.1,585.2,552,322801.2,8-OCT-2007,
BALMLAWRIE,EQ,449.5,449.95,411,423.35,421.25,439.2,4395,1856067.45,8-OCT-2007,
BALPHARMA,EQ,26.7,31,26.7,28.75,29.4,30.55,1203,35103.4,8-OCT-2007,
BALRAMCHIN,EQ,72.9,73,65.05,68.05,67.65,72.4,4453318,302578482.45,8-OCT-2007,
BANARISUG,EQ,650,650,615,627.95,625,650.1,630,395759,8-OCT-2007,
BANCOINDIA,EQ,150,150,138,140,139.65,147.1,4954,705946.05,8-OCT-2007,
BANKBARODA,EQ,325,328.4,300.25,309.55,307,323.75,411414,127428531.6,8-OCT-2007,
BANKBEES,EQ,766,771,764,767.01,770,797,387,296659,8-OCT-2007,
BANKINDIA,EQ,260,279,255.4,259.55,261,275,512577,134435009.35,8-OCT-2007,
BANKRAJAS,EQ,122.75,125.5,118.5,124.3,124,124.2,503982,61132932.1,8-OCT-2007,
BANSWRAS,EQ,53,53,51.55,51.9,52.1,52.75,3276,170628.7,8-OCT-2007,
BARTRONICS,EQ,230,233.1,217.65,217.7,217.95,229.1,84409,18606438.2,8-OCT-2007,
BASF,EQ,255.5,255.5,244.15,245.4,245,256.05,16536,4108941.9,8-OCT-2007,
BASML,EQ,106.5,108.8,106,108.2,108.8,107.8,34499,3708044.95,8-OCT-2007,
BATAINDIA,EQ,186,187.45,170.9,174.6,174.95,185.75,368527,64852490.95,8-OCT-2007,
BATLIBOI,EQ,108,108,95,97.45,97.4,102.4,14725,1442320.75,8-OCT-2007,
BBL,EQ,2720,2720,2490,2564.35,2569,2660.05,5502,14218768.5,8-OCT-2007,
BBTC,EQ,621,621,573.35,585.5,589,603.5,7179,4127463.45,8-OCT-2007,
BCCL,EQ,55.7,56.5,53,54.85,54,57.25,19880,1094389.4,8-OCT-2007,
BEL,EQ,1875.7,1934.95,1775,1790.35,1794,1908.35,80245,146112404.15,8-OCT-2007,
BELCERAMIC,EQ,13.1,13.1,12.15,12.8,12.8,13.3,22474,283995.1,8-OCT-2007,
BEML,EQ,1403.1,1464.95,1332,1350.8,1356,1401.95,32783,44651355.1,8-OCT-2007,
BEPL,EQ,30.5,30.85,28,28.3,29,30.3,12454,357790.75,8-OCT-2007,
BERGEPAINT,EQ,52.15,52.15,49,50.85,51.5,51.4,85617,4283205.2,8-OCT-2007,
BFUTILITIE,EQ,2415,2415,2275.3,2275.3,2275.3,2395.05,4696,10863156.95,8-OCT-2007,
BHAGWATIHO,EQ,43.1,44.25,40,43.85,43.05,43.75,240255,10364911.45,8-OCT-2007,
BHAGYNAGAR,EQ,47,47,43.3,44.5,44.5,47.05,84950,3816923.7,8-OCT-2007,
BHARATFORG,EQ,286,288,273.3,276.3,275.95,286,326078,90534268.25,8-OCT-2007,
BHARATGEAR,EQ,63.4,64.9,61,61.6,61.2,62.8,20696,1309917.1,8-OCT-2007,
BHARATRAS,EQ,57.9,58,53,57.9,57.9,55.5,1611,91893.4,8-OCT-2007,
BHARTIARTL,EQ,1000,1047.85,973,985.65,980,994.4,1246995,1238111612.6,8-OCT-2007,
BHARTIARTL,IL,1024.95,1024.95,1024.95,1024.95,0,989,500000,512475000,8-OCT-2007,
BHARTISHIP,EQ,625,629.95,561,579.95,577.5,617.05,17521,10160089.8,8-OCT-2007,
BHEL,EQ,2154.9,2249,2115.1,2190.95,2183,2154.4,1842234,4001200223.9,8-OCT-2007,
BHUSANSTL,EQ,1001.25,1001.25,924.85,928.1,925,989.6,136872,127995784.75,8-OCT-2007,
BIL,EQ,119,119,102,103.75,103,110.3,3313,343337.65,8-OCT-2007,
BILPOWER,EQ,183.25,187,175,175.8,175.95,186.1,12663,2265232.05,8-OCT-2007,
BILT,EQ,130,131.5,125.1,125.8,125.8,129.55,318592,40347156.9,8-OCT-2007,
BINANICEM,EQ,85,94.95,85,90.55,91.25,92.2,563950,51368300.15,8-OCT-2007,
BINANIIND,EQ,251,251,227.1,234.55,231,245.1,92811,22162220.25,8-OCT-2007,
BINDALAGRO,EQ,44.8,44.8,38.35,39.85,39.75,44.25,3971419,159756328,8-OCT-2007,
BIOCON,EQ,515.7,515.7,472.1,481.55,482.5,500.6,258486,125525570.45,8-OCT-2007,
BIRLAERIC,EQ,25,25,19.85,20.1,20.25,20.85,30034,618559.7,8-OCT-2007,
BIRLAJUTE,EQ,330.7,348,309,324.75,324.9,341.6,235263,75877512.75,8-OCT-2007,
BIRLAPOWER,EQ,35,35,31.5,31.75,32,34.05,93381,3004659.65,8-OCT-2007,
BLBLIMITED,EQ,19,19.5,19,19.05,19.05,19.6,1821,34675.65,8-OCT-2007,
BLKASHYAP,EQ,2394.9,2394.9,2155,2263.95,2295,2353.2,1825,4122865.4,8-OCT-2007,
BLUEBIRD,EQ,63,63,61.5,61.6,61.6,62.5,43964,2709132.2,8-OCT-2007,
BLUECHIP,EQ,1.7,1.75,1.7,1.7,1.7,1.75,39021,66392.9,8-OCT-2007,
BLUECOAST,EQ,175,175,175,175,175,171,20,3500,8-OCT-2007,
BLUEDART,EQ,585,585,560.15,568.3,569.95,586,3519,2003924.5,8-OCT-2007,
BLUESTARCO,EQ,315,315,298.1,303.15,305,312.85,14256,4368867.3,8-OCT-2007,
BLUESTINFO,EQ,92.05,93.45,92,92.1,92.1,93.1,1375,126591.75,8-OCT-2007,
BOC,EQ,145.05,150.6,140.35,141.4,141.35,147.7,32565,4656696.3,8-OCT-2007,
BOMDYEING,EQ,660,667.8,612,631.3,628,657.4,161240,102078826.9,8-OCT-2007,
BONGAIREFN,EQ,64.6,64.65,57.2,57.85,58,64,1071342,63335944.1,8-OCT-2007,
BOSCHCHASY,EQ,390,390,370.1,375.75,377.2,383.3,7363,2769108.25,8-OCT-2007,
BPCL,EQ,377,379.9,368.25,374.1,373.9,378.45,321803,120053880.3,8-OCT-2007,
BPL,BE,52,52,49.15,49.6,49.65,51.7,28603,1414095.6,8-OCT-2007,
BPLENGG,BE,6.4,6.4,6.3,6.3,6.3,6.6,4786,30201.8,8-OCT-2007,
BRFL,EQ,235.9,236.9,219.05,225,225.75,232.65,112156,25207418.5,8-OCT-2007,
BRITANNIA,EQ,1425,1459,1375,1434.05,1438,1409.9,10560,14852541.6,8-OCT-2007,
BROADCAST,EQ,52.9,52.9,48.9,49.25,49.1,52.1,31987,1603034.8,8-OCT-2007,
BSCFAUG08A,EQ,136,136,136,136,136,130,4,544,8-OCT-2007,
BSELINFRA,EQ,63.5,63.5,57.75,58.6,58.75,62.8,207719,12403131.85,8-OCT-2007,
BSL,EQ,24.15,24.35,23.6,24.1,24.35,24.35,3720,89457.85,8-OCT-2007,
BVXL,BE,22.5,22.5,21.3,21.3,21.3,22.4,25631,548182.95,8-OCT-2007,
CADILAHC,EQ,309,309.8,297.65,300.95,299.9,308.1,31826,9574700.45,8-OCT-2007,
CAIRN,EQ,175.1,184.9,165.9,171,170.1,180.15,3133041,538729600.4,8-OCT-2007,
CALSOFT,EQ,83,84,82.65,83.05,83.85,83.05,13280,1108737.85,8-OCT-2007,
CAMBRIDGE,EQ,103.5,103.5,99.05,99.75,100,103.75,16499,1653551.45,8-OCT-2007,
CANBK,EQ,251.25,274,251.25,262.2,265,272.1,180186,47064216.4,8-OCT-2007,
CANDC,EQ,218.1,219.2,199.5,208.7,209.25,217.7,45150,9236753.6,8-OCT-2007,
CANFINHOME,EQ,59.55,60.6,58.6,60.45,60.5,59.65,30443,1821349.75,8-OCT-2007,
CARBORUNIV,EQ,170.2,182,170.2,172.75,172,182.7,26820,4641041.15,8-OCT-2007,
CAROLINFO,EQ,75.15,77.35,73.4,74.05,74.95,77.25,22820,1685844.05,8-OCT-2007,
CASTROL,EQ,270,283,258.3,259.6,258.8,268.7,41710,11200896.35,8-OCT-2007,
CCL,EQ,255,255,238,240.05,240,254.95,4631,1135034.25,8-OCT-2007,
CEAT,EQ,144.2,158.4,144.2,151.85,152.2,154.6,73313,11201843.45,8-OCT-2007,
CELEBRITY,EQ,62.5,63.95,58.5,59.15,59.4,63,35796,2160515.6,8-OCT-2007,
CELESTIAL,EQ,46.05,46.6,42,42.75,42.8,45.3,19595,858526.25,8-OCT-2007,
CENTBOP,EQ,45,45.8,44.25,44.75,44.75,44.55,4913485,219177629.85,8-OCT-2007,
CENTENKA,EQ,139.05,139.05,133.6,134.75,134.05,139.2,18810,2558918.55,8-OCT-2007,
CENTEXT,EQ,3.95,4,3.9,3.95,3.95,4.05,27975,110314.25,8-OCT-2007,
CENTRALBK,EQ,136.3,136.3,123.7,124.7,124.25,134.65,838546,106150403.4,8-OCT-2007,
CENTUM,EQ,228.9,228.9,204,206.75,204,210.95,8239,1737938.75,8-OCT-2007,
CENTURYPLY,EQ,490,520,466,473.6,472,485,7221,3470885.1,8-OCT-2007,
CENTURYTEX,EQ,880,885,828.2,865.85,871,876.6,1097317,936187919.55,8-OCT-2007,
CESC,EQ,579,579,532.95,549.35,545,567.05,386861,210215130.8,8-OCT-2007,
CHAMBLFERT,EQ,56.9,56.9,47,48.65,48.5,56.2,4834117,243628094.3,8-OCT-2007,
CHEMFALKAL,EQ,97.2,101,97.2,99.1,99.1,105,827,81451,8-OCT-2007,
CHEMPLAST,EQ,8,8,7.2,7.35,7.25,7.95,146761,1092905.75,8-OCT-2007,
CHENNPETRO,EQ,302,303.05,275.1,284.85,284,300.1,243177,69482879.9,8-OCT-2007,
CHESLINTEX,EQ,17.25,17.9,17.25,17.75,17.75,18.1,900,15710,8-OCT-2007,
CHETTINAD,EQ,444,444,431,435.1,435.1,441,373,161198.2,8-OCT-2007,
CHOLADBS,EQ,157.6,158,149.3,150.2,151,157.5,6088,928478.5,8-OCT-2007,
CIMCOBIRLA,EQ,26.1,27.8,25.05,27.45,27.8,27.75,12781,330265.8,8-OCT-2007,
CINEMAX,EQ,137,137.45,126.5,128.9,129,134.8,32077,4173786.6,8-OCT-2007,
CINEVISTA,EQ,66.15,66.15,61.4,62.1,62,68.2,5726,364865.55,8-OCT-2007,
CIPLA,EQ,189,189.8,182.05,187.8,187.5,189.15,2950800,546994507.25,8-OCT-2007,
CLASSIC,EQ,460.5,460.5,440,450.1,446,451.05,852,380505.55,8-OCT-2007,
CLNINDIA,EQ,285.1,285.1,274.05,274.9,275,280.65,5464,1521246.45,8-OCT-2007,
CLUTCHAUTO,EQ,123.9,125,113.95,114.35,115.8,118.1,31683,3659347.25,8-OCT-2007,
CMC,EQ,996.6,996.6,937.05,975.15,966.25,977.6,22869,21938709.4,8-OCT-2007,
COLGATE,EQ,419,427.8,401,402.95,401.2,426.3,243198,98916699.35,8-OCT-2007,
COMPUTECH,EQ,7.8,7.8,6.9,7.05,7,7.4,57527,413204.1,8-OCT-2007,
COMSYS,EQ,24.45,24.45,20.4,21.9,21.5,23,9799,216709.15,8-OCT-2007,
CONCOR,EQ,2050,2050,1960,1971.15,1975,2024.1,48753,96200710.4,8-OCT-2007,
CONSOFINVT,EQ,44,44.7,43.95,44,44,44,20688,910639.25,8-OCT-2007,
COREEMBLG,EQ,4.6,4.6,4.6,4.6,4.6,5.1,500,2300,8-OCT-2007,
COREPROTEC,EQ,197,198.8,184,186.7,186.45,195.15,189604,35744121.65,8-OCT-2007,
COROMNFERT,EQ,109.25,112.65,96,101.05,101,110.05,48574,4889225.9,8-OCT-2007,
CORPBANK,EQ,396.7,398.9,368,381.75,382.95,394.95,95643,36562421.75,8-OCT-2007,
COSMOFILMS,EQ,90.15,90.15,85.5,86.1,85.8,90.15,21177,1841713.85,8-OCT-2007,
CRANESSOFT,EQ,103,105.75,101,105,105,104.9,38447,3993438.6,8-OCT-2007,
CREATIVEYE,BE,23.25,24.35,23.1,23.1,23.1,24.3,33951,786647.9,8-OCT-2007,
CRESTANI,EQ,105.1,107,102,103.55,102,108.55,22108,2302515.2,8-OCT-2007,
CREWBOS,EQ,103.65,125,103.65,116.35,116.2,123.75,30030,3513874.7,8-OCT-2007,
CRISIL,EQ,3577.2,3610,3450,3472.25,3451,3651.6,1298,4557342.1,8-OCT-2007,
CROMPGREAV,EQ,341,345,317.5,328.15,329.5,341.45,584782,190545780.3,8-OCT-2007,
CTE,EQ,47,48.5,46.05,46.85,47,48.65,18079,847129.75,8-OCT-2007,
CUB,EQ,219.65,222,211.15,219.3,219.3,221.35,43844,9534767.25,8-OCT-2007,
CUMMINSIND,EQ,431.7,444.95,411.9,425.1,429.5,438.45,198860,85425387.85,8-OCT-2007,
CYBERMEDIA,EQ,88.4,88.4,84,84.75,84,88.2,4273,365002.65,8-OCT-2007,
CYBERTECH,EQ,22.6,23.4,21.15,22.2,22.1,23.35,8019,179839.25,8-OCT-2007,
D-LINK,EQ,74.3,74.45,70,72.2,73,74.2,30407,2181693.8,8-OCT-2007,
DAAWAT,EQ,43,43,39.5,40.05,40.2,41.65,22086,893031.05,8-OCT-2007,
DABUR,EQ,108.55,109.4,103.5,106.8,106.6,107.45,2318098,245887405.2,8-OCT-2007,
DABURPHARM,EQ,75,75,71,71.75,71.55,73.05,68019,4891387.7,8-OCT-2007,
DALMIACEM,EQ,400,400,373,385.05,380,395.35,21361,8213002.8,8-OCT-2007,
DATATECH,EQ,43.15,44,42.15,43.45,43.3,43.55,15789,684153.1,8-OCT-2007,
DCB,EQ,117,117.9,103.3,106.45,106,115.3,405945,43584946.9,8-OCT-2007,
DCHL,EQ,202.45,203,183,185.55,186.3,198.75,193787,36969299.6,8-OCT-2007,
DCM,EQ,53,53,50.3,50.75,50.55,54.45,13691,710085.95,8-OCT-2007,
DCMFINSERV,BE,5.05,5.1,5.05,5.05,5.05,5.3,4920,24847,8-OCT-2007,
DCMSRMCONS,EQ,68.4,68.4,66,66.25,66.05,68.35,261138,17455694.15,8-OCT-2007,
DCW,EQ,18.55,19,16.35,16.7,16.6,18.35,2338054,39947982.7,8-OCT-2007,
DECCANCE,EQ,239,253.35,230.15,244.85,247,248,12169,2990918.65,8-OCT-2007,
DECOLIGHT,EQ,25.9,25.9,24.5,24.8,24.9,25.6,48730,1219313.6,8-OCT-2007,
DEEPAKFERT,EQ,116.5,117.1,105,108.05,108,116.7,142074,15460970.5,8-OCT-2007,
DENABANK,EQ,62.2,62.6,55.15,56.9,57,61.9,2577889,148097260.2,8-OCT-2007,
DENORA,EQ,120.5,125,119.5,120.2,120,122.2,1635,196650.7,8-OCT-2007,
DEWANHOUS,EQ,73,73,67.55,68.4,68,72.1,102889,7129512.65,8-OCT-2007,
DHAMPURSUG,EQ,61.6,62,55.15,56,55.15,60.6,260438,14909811.8,8-OCT-2007,
DHANBANK,BE,78,81.5,74.9,74.9,74.9,78.8,18426,1401990.3,8-OCT-2007,
DHARSUGAR,EQ,19,19.55,18.55,18.7,19,20.05,3938,73995.65,8-OCT-2007,
DICIND,EQ,183,183,176,180,180,184.55,1260,224789.4,8-OCT-2007,
DISHMAN,EQ,296,296,282.2,285.5,282.2,293.5,49539,14226076,8-OCT-2007,
DISHTV,EQ,72.95,73.4,68.15,68.5,68.6,72.3,1574407,109867893.35,8-OCT-2007,
DIVISLAB,EQ,1390,1404.9,1250,1323.05,1320.05,1373.55,370315,484034537.1,8-OCT-2007,
DLF,EQ,858.55,875,802,837.75,836.4,851.1,6243519,5187998883.3,8-OCT-2007,
DOLPHINOFF,EQ,264.95,264.95,228,231.75,230,230.75,10519,2474099.9,8-OCT-2007,
DONEAR,EQ,200,200,191,193.05,191,196.35,48320,9415721.25,8-OCT-2007,
DREDGECORP,EQ,630.1,645,601,614.65,610,643.6,4378,2714993.4,8-OCT-2007,
DRREDDY,EQ,660,660,624,630.15,630,653.6,298609,188313580.75,8-OCT-2007,
DSKULKARNI,EQ,280,280,258.6,263.3,262,271.55,33064,8725835.55,8-OCT-2007,
DUNCANSIND,BE,12.25,12.25,11.9,11.9,11.9,12.5,21245,254131.25,8-OCT-2007,
DWARKESH,EQ,60,60,55,55.4,55.1,59.2,62580,3530414.1,8-OCT-2007,
DYNACONS,BE,0.8,0.8,0.75,0.75,0.75,0.8,129500,97910,8-OCT-2007,
DYNAMATECH,EQ,1585,1585,1500,1525,1525,1600,568,875365,8-OCT-2007,
EASTSILK,EQ,231,235.95,221.6,222.8,221.95,229.35,88051,20234273.9,8-OCT-2007,
EASUNREYRL,EQ,273.4,284.9,256.55,266.55,265,273.4,53832,14333389.4,8-OCT-2007,
ECEIND,EQ,650,650,590,602.65,590,620.2,149,90629.5,8-OCT-2007,
EDUCOMP,EQ,2910,2944,2723.5,2737.35,2728,2898.25,81490,227683818.4,8-OCT-2007,
EICHERMOT,EQ,494.7,494.7,450.05,472.25,471.9,482,71414,33699448.15,8-OCT-2007,
EIDPARRY,EQ,153.05,153.3,141,141.35,141,154.9,30806,4456132.8,8-OCT-2007,
EIHOTEL,EQ,116.1,126.55,115.65,122.6,126.55,123.85,116323,13876532.2,8-OCT-2007,
EIMCOELECO,EQ,357,363,357,362.25,361,374.9,312,112939.5,8-OCT-2007,
EKC,EQ,240.9,240.9,225,229.5,234,238.15,288445,66377165.45,8-OCT-2007,
ELDERPHARM,EQ,420.25,450,420.25,430.2,430,442.4,3364,1460202.35,8-OCT-2007,
ELECON,EQ,725,736,671,682.95,683,715.9,124309,85818229.75,8-OCT-2007,
ELECTCAST,EQ,50.9,53,47.35,48.65,48.5,51.75,212460,10389037.85,8-OCT-2007,
ELECTHERM,EQ,488.5,490,465,466.1,469.95,482.75,2844,1350730.3,8-OCT-2007,
ELGIEQUIP,EQ,65,65.95,61.2,62.85,63.15,64.9,66580,4223071.15,8-OCT-2007,
ELGITYRE,EQ,26.9,26.9,24.5,24.95,25,26.85,14159,359721.1,8-OCT-2007,
EMAMILTD,EQ,214.05,220,212.9,218.8,219.15,217.7,3010,652730.95,8-OCT-2007,
EMCO,EQ,1140,1156,1085,1146.15,1145,1092.05,24191,26998877.35,8-OCT-2007,
EMERCK,EQ,395,396.4,388,389.15,388,392.95,2801,1091955.1,8-OCT-2007,
EMKAY,EQ,140.35,142.9,131,132.25,133.5,140.4,77019,10418678.15,8-OCT-2007,
ENGINERSIN,EQ,595,595,539,547.25,539,587.4,28867,16312631.05,8-OCT-2007,
ENIL,EQ,475,499,459,468.65,465,488.15,16845,7876044.65,8-OCT-2007,
ENKEI,EQ,134,134,116.5,125,125,128.45,384,47587.75,8-OCT-2007,
ENNOREFO,EQ,240,245,226,230.75,231,237.1,30816,7137622.35,8-OCT-2007,
ENTEGRA,EQ,32.5,33.75,29.7,30,30,32.95,73846,2306832.25,8-OCT-2007,
ERACONS,EQ,588,588,549.05,564.35,568,568.05,283485,157822441.1,8-OCT-2007,
ESABINDIA,EQ,462,462,447,448.7,448,460,6317,2841174.6,8-OCT-2007,
ESCORTS,EQ,124.45,126.15,115.2,116.85,116,122.9,1723048,206261751.85,8-OCT-2007,
ESSAROIL,EQ,58.85,58.85,52.05,53.05,53.1,58.2,2896862,155845473.35,8-OCT-2007,
ESSDEE,EQ,642,659,595.1,625.5,629.5,632.55,42560,26690940.4,8-OCT-2007,
ESSELPACK,EQ,59.25,59.25,56.55,56.7,57.5,58.7,48013,2752657.1,8-OCT-2007,
ESTL,EQ,46.5,46.9,45.15,45.8,45.95,45.85,969678,44250882.85,8-OCT-2007,
ESTL,P1,5.85,7.3,5.85,7.25,7.3,6.9,66440,460575.1,8-OCT-2007,
ETCNET,BE,129,129,121.5,121.5,121.5,127.65,885,108668.05,8-OCT-2007,
EUROCERA,EQ,217,220.9,200,209.75,206,216.05,22285,4615838.1,8-OCT-2007,
EUROTEXIND,EQ,37.65,38.25,37.65,38,38,38,6871,261134,8-OCT-2007,
EVEREADY,EQ,48.1,49.2,46.1,47.7,48.9,48.7,286599,13456096,8-OCT-2007,
EVERESTIND,EQ,111.25,114,108.5,111.5,111.5,111.25,525,57646.25,8-OCT-2007,
EVERONN,EQ,641.9,645,590.2,594.9,592.9,639.2,215921,131300881.55,8-OCT-2007,
EVINIX,EQ,192.5,201,187,191.75,189,192.15,69332,13424153.55,8-OCT-2007,
EXCELCROP,EQ,113.1,113.5,107,107.9,107.6,115,10178,1116629.7,8-OCT-2007,
EXCELINDUS,EQ,57.5,59.5,55.05,56.75,56.65,58.7,9369,531196.75,8-OCT-2007,
EXIDEIND,EQ,63,67.1,62,64.1,63.5,66.85,670991,43531881.3,8-OCT-2007,
FACT,EQ,28.45,28.45,24.45,25.1,25,27.4,52619,1348986.65,8-OCT-2007,
FAGBEARING,EQ,635,637,621.55,626.5,625,637.75,1506,940626.4,8-OCT-2007,
FCSSOFT,EQ,80.5,80.5,77,78.2,78.65,80.55,16104,1267883.35,8-OCT-2007,
FDC,EQ,30.3,32.4,30.3,30.95,30.75,32,134002,4139369.75,8-OCT-2007,
FEDDERLOYD,EQ,159,159,140,141.75,141.1,145.7,8115,1151187.95,8-OCT-2007,
FEDERALBNK,EQ,371.1,377,347,360.15,360,370.4,115905,41278580.4,8-OCT-2007,
FIEMIND,EQ,104,104,98,100.15,100,102.05,7497,746765.8,8-OCT-2007,
FINANTECH,EQ,2675,2690,2452,2492.3,2485,2646.85,249916,626526265.6,8-OCT-2007,
FINCABLES,EQ,72.45,73.9,69.5,70.75,70.5,70.95,132199,9349107.35,8-OCT-2007,
FINPIPE,EQ,76,77.9,72,72.7,72.55,75.5,130990,9565283.2,8-OCT-2007,
FIRSTLEASE,EQ,47.5,47.55,45.55,46.5,46.5,47.85,8193,378585.35,8-OCT-2007,
FMGOETZE,EQ,131,167,131,137.4,140,145,7843,1106248.4,8-OCT-2007,
FORTIS,EQ,86.45,86.5,82.1,82.85,82.65,85.3,202507,16909393.5,8-OCT-2007,
FOSECOIND,EQ,418.9,418.9,395.25,400.15,395.25,415,375,150525,8-OCT-2007,
FOURSOFT,EQ,45.5,46,44,44.15,44.1,45.7,54486,2430997.4,8-OCT-2007,
FSL,EQ,75.1,76.85,70.8,71.75,71.85,73.9,233071,16919913.75,8-OCT-2007,
FTCSF3YDIV,EQ,9.8,9.8,9.8,9.8,9.8,10.2,1170,11466,8-OCT-2007,
FTCSF3YGRO,EQ,9.8,9.8,9.75,9.8,9.75,9.75,1100,10775,8-OCT-2007,
FTCSF5YGRO,EQ,9,9,9,9,9,9.75,1000,9000,8-OCT-2007,
GABRIEL,EQ,25,25,23.5,23.9,23.8,24.7,45106,1081774.1,8-OCT-2007,
GAEL,EQ,35.5,35.5,33.6,34,34,35.1,80811,2774024.35,8-OCT-2007,
GAIL,EQ,385,385,356.3,366.05,365,376.9,1053253,388243701.4,8-OCT-2007,
GALLANTT,EQ,18.95,18.95,17.3,17.8,17.75,18.5,237812,4246747.9,8-OCT-2007,
GAMMONIND,EQ,476.1,482.5,450.1,455.5,456,474.75,87856,40661879.1,8-OCT-2007,
GANDHITUBE,EQ,155,159.35,151.6,151.6,151.6,158.75,1388,215705.15,8-OCT-2007,
GANESHHOUC,EQ,484,555.5,460.25,475.4,478.9,484,670915,330069685.55,8-OCT-2007,
GANGOTRI,EQ,19.55,19.55,19,19.2,19.2,19.75,8977,172455,8-OCT-2007,
GARDENSILK,EQ,71.3,71.3,67,68,68,71.3,21679,1494364.1,8-OCT-2007,
GARWALLROP,EQ,169,174.75,159.9,170.3,170,163.15,47004,7827561.65,8-OCT-2007,
GARWOFFS,EQ,182.45,190.95,178,183.5,182.6,179.65,9019,1658459.1,8-OCT-2007,
GATI,EQ,110,110.45,102.6,103.7,103.8,107.75,14513,1512229.7,8-OCT-2007,
GBN,EQ,837.7,930,837.7,881.35,875.1,916.55,9913,8845468.95,8-OCT-2007,
GDL,EQ,142.5,146,133.2,136.6,136.35,143.5,605649,83369708.75,8-OCT-2007,
GEMINI,EQ,251.95,255.55,224,226.25,226,250.65,27442,6482003.6,8-OCT-2007,
GENESYS,EQ,41.25,41.25,39.7,40.15,40,39.25,15090,611265.45,8-OCT-2007,
GENUSOVERE,EQ,651,654.9,623.6,623.6,623.6,656.4,23571,14910116,8-OCT-2007,
GEOINFO,EQ,190,195.9,190,192.35,192,193.15,43428,8341037.2,8-OCT-2007,
GEOJIT,EQ,47,48.9,45.2,46.1,46.4,46.55,404398,18736781.8,8-OCT-2007,
GEOMETRIC,EQ,94.3,94.4,91.05,91.85,92,94.3,59211,5493394.15,8-OCT-2007,
GESCOCORP,EQ,600,600,549,561.05,566.7,587.15,185148,103993053.9,8-OCT-2007,
GESHIP,EQ,354,367,346.05,355.85,355.9,360.7,414225,146960172.5,8-OCT-2007,
GHCL,EQ,155,155,146.5,147.95,149.75,153.45,342554,51220440.1,8-OCT-2007,
GICHSGFIN,EQ,54.5,54.5,51.05,52.3,52.55,53.65,108853,5685738.15,8-OCT-2007,
GILLETTE,EQ,861,861,837,843.55,837,860.6,3692,3126851.9,8-OCT-2007,
GINNIFILA,EQ,13.6,13.6,12.1,12.85,12.75,13.15,88717,1130412.5,8-OCT-2007,
GIPCL,EQ,92.1,92.45,83.85,85.2,85.55,91.65,870320,74991075.05,8-OCT-2007,
GITANJALI,EQ,331,348.9,309,327,326.5,329.45,554524,185631777.65,8-OCT-2007,
GKW,BE,51,51.5,49.5,50,50,50.65,48547,2422269.75,8-OCT-2007,
GLAXO,EQ,1107,1118,1070.25,1077.75,1077,1103.55,44249,47846163.2,8-OCT-2007,
GLENMARK,EQ,419.4,419.4,383.2,402.7,403.05,422.9,324618,128817663.1,8-OCT-2007,
GLFL,BE,7.5,7.9,7.15,7.5,7.5,7.5,2340,17349.45,8-OCT-2007,
GLOBALVECT,EQ,176,176,165,165.6,165,171.7,11908,1991383.75,8-OCT-2007,
GLORY,EQ,65.9,65.9,63.55,64.15,64.7,64.6,66442,4270265.95,8-OCT-2007,
GMBREW,EQ,94.25,96.1,90.6,91.45,91,96.75,6784,628272.15,8-OCT-2007,
GMDCLTD,EQ,1283,1283,1210.05,1231.8,1239,1260.55,16154,19857037.8,8-OCT-2007,
GMRINDS,EQ,176,176,158,160,159.5,173.5,39681,6501728.95,8-OCT-2007,
GMRINFRA,EQ,170.15,176.5,154.9,159.9,159.55,173.35,10533254,1708869254.85,8-OCT-2007,
GNFC,EQ,159,159.65,143.1,148.35,148,158.8,913527,134152182.2,8-OCT-2007,
GOACARBON,EQ,51.5,53.9,51,52.4,52.5,54.35,1961,102503.6,8-OCT-2007,
GODAVRFERT,EQ,156,156,132,141.15,135.55,157.05,9595,1310729.2,8-OCT-2007,
GODFRYPHLP,EQ,1317.55,1499,1317.55,1440,1439.95,1475.4,1501,2208337.15,8-OCT-2007,
GODREJCP,EQ,136.1,136.1,127.3,128.4,127.8,134.4,46145,5992545.7,8-OCT-2007,
GODREJIND,EQ,170,173.8,160.3,161.05,161.05,172,64962,10625133.65,8-OCT-2007,
GOKEX,EQ,249,249,245.55,247.1,248,248.75,12754,3147788.05,8-OCT-2007,
GOLDBEES,EQ,951,951,941.3,945.07,945,944.86,4785,4523284.54,8-OCT-2007,
GOLDIAM,EQ,71.9,75,69.7,70.65,70.5,70.45,33102,2365591.5,8-OCT-2007,
GOLDSHARE,EQ,944,954,943,944.36,946,944.06,2987,2826388.7,8-OCT-2007,
GOLDTECH,EQ,155.05,158.5,148,148,148,155.75,54471,8167393.6,8-OCT-2007,
GOLDTELE,EQ,39.45,39.45,37.15,37.15,37.15,39.1,19317,720938.5,8-OCT-2007,
GPIL,EQ,264,264.75,235.8,243.1,243,262,47774,11663210.4,8-OCT-2007,
GRANULES,EQ,101.5,110,101,105.1,106,99.15,188401,19957779.45,8-OCT-2007,
GRAPHITE,EQ,58.9,60.7,57.6,59.65,60,58.4,159748,9427813.7,8-OCT-2007,
GRASIM,EQ,3625,3636,3400,3421.65,3411.15,3552.55,70627,245243236.35,8-OCT-2007,
GRASIM,IL,3650,3650,3575,3575,0,3750,33063,120454950,8-OCT-2007,
GREAVESCOT,EQ,408.85,408.85,375.1,385.35,385,401.75,114984,44604823.5,8-OCT-2007,
GREENPLY,EQ,251.05,251.05,233,233.65,233,247.95,4253,1009748.25,8-OCT-2007,
GRINDWELL,EQ,147,148.8,144,144,144,146.15,13775,2008944.9,8-OCT-2007,
GRUH,EQ,163,169.95,160,165,165,166.35,3671,601939.45,8-OCT-2007,
GSFC,EQ,245,245,221,227,227.5,243.95,51394,11700251.7,8-OCT-2007,
GSKCONS,EQ,640,640,616,625.65,624,635,2132,1349121.7,8-OCT-2007,
GSPL,EQ,63,63,59.45,59.9,60.15,61.35,426201,25816374.5,8-OCT-2007,
GTCIND,EQ,279.9,279.9,266.35,266.35,266.35,280.35,83574,22566497.3,8-OCT-2007,
GTL,EQ,243,243,231.5,237.05,236.3,240.65,251696,59696538.15,8-OCT-2007,
GTLINFRA,EQ,37.85,40.5,35,35.3,35.3,37.85,1438593,53396509.95,8-OCT-2007,
GTNIND,EQ,27.6,27.9,27,27.9,27.9,27.6,355,9703,8-OCT-2007,
GTNTEX,EQ,16.75,17,16.15,16.4,16.5,16.65,3476,57824.4,8-OCT-2007,
GTOFFSHORE,EQ,811,820,780,786.95,785,802.5,38431,30328748.65,8-OCT-2007,
GUFICBIO,BE,9.85,9.95,9.55,9.75,9.65,9.85,9970,97107.55,8-OCT-2007,
GUJALKALI,EQ,150,159,146,147.75,147.75,158.15,121017,18121666.7,8-OCT-2007,
GUJAPOLLO,EQ,180.1,184,175.05,181,181,181.55,5718,1042573.4,8-OCT-2007,
GUJFLUORO,EQ,565.5,575,540.05,555.85,551,569.8,2949,1626472.85,8-OCT-2007,
GUJNRECOKE,EQ,93,97.8,83.8,91.2,90,92.45,3897462,347744313.3,8-OCT-2007,
GUJRATGAS,EQ,315,315,291.6,299.05,298,313.15,10441,3111367.85,8-OCT-2007,
GUJSIDHCEM,EQ,32.9,32.9,28.2,28.6,28.4,31.2,1192184,34679449.4,8-OCT-2007,
GVKPIL,EQ,680,695.5,629,643.2,648,679.8,71889,46592528.15,8-OCT-2007,
GWALCHEM,EQ,69.05,69.5,66.25,66.9,66.6,70,28429,1926278.35,8-OCT-2007,
HANUNG,EQ,159.8,160,150.55,155.5,157,157.9,147282,22534731.85,8-OCT-2007,
HARRMALAYA,EQ,71.8,73,67,67.85,67.1,70.6,17106,1170107.05,8-OCT-2007,
HAVELLS,EQ,535,536.9,490,498.65,500,527.2,95644,48556299.75,8-OCT-2007,
HBLPOWER,EQ,328,328,310,318.8,323.5,334.45,2752,882538.3,8-OCT-2007,
HBSTOCK,EQ,37,38.45,36.1,37.85,37.85,37.35,7167,264586,8-OCT-2007,
HCC,EQ,162,170.7,154.5,163.8,163.45,162.45,3223733,523163689.1,8-OCT-2007,
HCIL,EQ,335.1,340,324.95,327.4,327,341.45,5784,1904729,8-OCT-2007,
HCL-INSYS,EQ,252.7,254.7,234.1,240.3,238.6,247.45,126616,30765886.2,8-OCT-2007,
HCLTECH,EQ,310,312.25,301.35,308.45,311.05,306.05,1568772,483312546.15,8-OCT-2007,
HDFC,EQ,2489.95,2500,2440,2469.5,2451,2450.65,393959,973096775.1,8-OCT-2007,
HDFCBANK,EQ,1415.3,1440,1399,1407.35,1409.9,1403.15,670723,950972568.95,8-OCT-2007,
HDIL,EQ,729,737.45,655,692.4,689.15,722.2,2903206,1991384303.55,8-OCT-2007,
HEG,EQ,228.05,228.05,223.5,225.7,225.35,230.15,15340,3462339.55,8-OCT-2007,
HELIOSMATH,EQ,126.5,128.2,123.1,123.5,123.7,125.15,81902,10241563.2,8-OCT-2007,
HERITGFOOD,EQ,253,259,250.35,253.35,255,253.35,1632,413495.25,8-OCT-2007,
HEROHONDA,EQ,721,732.5,715.05,728.25,730,720.8,74327,53767925.65,8-OCT-2007,
HEXAWARE,EQ,123.5,124.35,121,121,121,121.1,135189,16383853.4,8-OCT-2007,
HIKAL,EQ,450.2,468.9,426.6,436.8,435,463.85,8016,3522443.7,8-OCT-2007,
HILTON,EQ,37.6,37.6,34.05,35,35,36.2,27842,980390.05,8-OCT-2007,
HIMACHLFUT,EQ,26.75,27.15,23.85,24,23.9,26.5,17105663,424014271.7,8-OCT-2007,
HIMATSEIDE,EQ,100.75,103.5,98.5,102.6,103.5,99.75,281340,28396215.4,8-OCT-2007,
HINDALCO,EQ,169.5,170.2,161,161.9,161.45,169.9,2438967,400124230.7,8-OCT-2007,
HINDCOMPOS,EQ,345,345,334.2,334.2,334.2,345,29,9735,8-OCT-2007,
HINDDORROL,EQ,136,136,127.4,127.4,127.4,134.05,34497,4449020.8,8-OCT-2007,
HINDMOTOR,EQ,33,33.3,30.1,30.65,30.7,32.8,1126260,34970162.05,8-OCT-2007,
HINDOILEXP,EQ,104.2,107.9,96.65,99.25,98.3,103.3,150270,15043635.2,8-OCT-2007,
HINDPETRO,EQ,272,272.95,254.25,263.5,262,270.85,778531,203800949.25,8-OCT-2007,
HINDSANIT,EQ,82,84.9,78,79.5,78,83.7,18866,1505761,8-OCT-2007,
HINDSYNTEX,EQ,5.4,5.4,5.05,5.1,5.1,5.3,7549,39004.7,8-OCT-2007,
HINDUJATMT,EQ,453,469.85,430,437.35,443.1,458,81945,36197980.5,8-OCT-2007,
HINDUNILVR,EQ,221.55,223.4,219.55,220.75,221,221.9,3324405,734109569.05,8-OCT-2007,
HINDZINC,EQ,799,850,780.35,824.55,815,841.5,142684,114110150.25,8-OCT-2007,
HIRECT,EQ,190,190,168,172.5,172.5,176.8,1021,178465.4,8-OCT-2007,
HITACHIHOM,EQ,132.1,132.15,122,123.3,123,131,47084,5935239.15,8-OCT-2007,
HITECHGEAR,EQ,118,124.4,115.35,122.8,122.8,120.65,500,60469.8,8-OCT-2007,
HMT,EQ,63.6,63.6,57.65,58.7,58.65,62.8,170745,10089963.7,8-OCT-2007,
HOCL,EQ,63.9,64.65,56.4,57.85,57.25,63.55,454151,26793967.7,8-OCT-2007,
HONAUT,EQ,1690,1695,1650,1659.8,1670,1692.6,488,811725,8-OCT-2007,
HONDAPOWER,EQ,238.1,264.7,238.1,246.85,248,255.65,20647,5123508.35,8-OCT-2007,
HOPFL,EQ,263,263,248.1,249.95,249,261.45,27887,7074646.7,8-OCT-2007,
HOTELEELA,EQ,49,49.4,44.1,45,45,48.7,1868736,85362939.25,8-OCT-2007,
HOTELRUGBY,BE,9,9,8.55,8.9,8.9,8.55,5304,46371.2,8-OCT-2007,
HOVS,BE,186,187.2,171.5,177.25,181.5,178.95,11252,2017029.6,8-OCT-2007,
HTMEDIA,EQ,210.1,213,206.15,210.6,209.8,209.05,40344,8487251.7,8-OCT-2007,
HTMTGLOBAL,EQ,465,469.9,460,466.45,466,459.5,58378,27096633.65,8-OCT-2007,
HYDRBADIND,EQ,188.95,189,177.2,181.05,180,187.5,24226,4406980.3,8-OCT-2007,
I-FLEX,EQ,1912,1912,1821.55,1830.2,1822.05,1895.3,17080,31688575,8-OCT-2007,
IBREALEST,EQ,625,639.5,589,601.3,599.5,631.45,1428596,861518052.6,8-OCT-2007,
ICI,EQ,525.05,525.6,522,522.5,522,525.6,3128,1636767.45,8-OCT-2007,
ICICIBANK,E2,605,605,572.1,588.35,593,606.5,52914,30918689.7,8-OCT-2007,
ICICIBANK,EQ,1040,1047.7,1001,1021.2,1025,1036.4,2210139,2245733613.05,8-OCT-2007,
ICIL,EQ,13.8,14.5,13.8,14.4,14.4,14.4,346,4914.6,8-OCT-2007,
ICRA,EQ,998.95,999,941,949.2,951,985.7,20644,19732463.85,8-OCT-2007,
ICSA,EQ,1637,1637,1525.55,1586.85,1600,1570.85,23942,37645165.55,8-OCT-2007,
IDBI,EQ,143.5,143.5,128.5,133.6,132.65,141.8,13672098,1833158844.25,8-OCT-2007,
IDEA,EQ,135,136.3,126.5,131.85,132,133.85,8845280,1154276232.95,8-OCT-2007,
IDFC,EQ,148.25,151,142,147.05,145.7,149.25,9276395,1347927604,8-OCT-2007,
IFBAGRO,EQ,99,100.7,96,99.8,100.7,95.9,11044,1102377.3,8-OCT-2007,
IFBIND,BE,38.9,39.6,37,37.45,37.35,37.75,18252,698972.15,8-OCT-2007,
IFCI,EQ,88.8,88.8,74.3,78.55,77.2,85.6,73216282,5816262794.65,8-OCT-2007,
IFGLREFRAC,EQ,70.9,70.9,64,66.65,66,67.9,40880,2780737.65,8-OCT-2007,
IGARASHI,EQ,87,87,82.05,85.3,85.15,86.05,784,65894.95,8-OCT-2007,
IGL,EQ,143.8,143.8,128,130.25,129.5,142.95,245653,32631866.35,8-OCT-2007,
IGPL,EQ,66.1,66.5,63,63.1,63,67.55,2608,168654,8-OCT-2007,
IGS,EQ,255,274,254,264.95,265.65,238.15,180931,47927967.75,8-OCT-2007,
IILTD,EQ,62,62,55,57.2,57,60.3,20666,1178408.75,8-OCT-2007,
IMPAL,EQ,186,201,186,199,199,198.15,1285,257031.05,8-OCT-2007,
IMPEXFERRO,EQ,16.6,16.65,15.8,15.8,15.8,16.6,47187,756496.25,8-OCT-2007,
INDHOTEL,EQ,133,133,125.6,128.5,128.55,132.6,1910880,244054753.9,8-OCT-2007,
INDIABULLS,EQ,633,644.65,569,585.35,588,633.75,1514335,905281095.35,8-OCT-2007,
INDIACEM,EQ,281,283,258.1,269.55,267.1,280.95,1917971,512675598.75,8-OCT-2007,
INDIAFOILS,EQ,12,12.05,11.15,11.15,11.15,11.7,16122,183134.55,8-OCT-2007,
INDIAGLYCO,EQ,253.45,255,233.05,249.5,249.5,256,36721,8927278.35,8-OCT-2007,
INDIAINFO,EQ,892.85,924,831.5,857.95,864,896.05,699239,605687007.9,8-OCT-2007,
INDIANB,EQ,148.9,148.9,135.25,137.6,136.55,145.75,358285,50146747.05,8-OCT-2007,
INDIANCARD,EQ,172,173.9,172,173.9,173.9,171.7,1682,289382.05,8-OCT-2007,
INDIANHUME,EQ,556,557,505,525.15,531,535.4,3878,2038296.55,8-OCT-2007,
INDLMETER,EQ,195,195,184,189.5,189.5,191,2454,455717.95,8-OCT-2007,
INDNIPPON,EQ,157,159.8,152,153.3,152.2,156.8,902,139029.9,8-OCT-2007,
INDOASIFU,EQ,118.95,118.95,110,112.15,112,119,20592,2319435.2,8-OCT-2007,
INDOCO,EQ,275.15,281.9,262.1,267.55,268,284,1898,511497.85,8-OCT-2007,
INDORAMA,EQ,61,61,53.3,58.85,60,60,27360,1571470.45,8-OCT-2007,
INDOTECH,EQ,485,509,470.2,475.95,478,498.8,21729,10454122.25,8-OCT-2007,
INDOWIND,EQ,149,149.9,133.1,135.85,133.95,145.85,793780,112119886.05,8-OCT-2007,
INDRAMEDCO,EQ,41,42,38.3,39.25,39.25,40.85,434337,17195531.35,8-OCT-2007,
INDSWFTLAB,EQ,56.75,56.75,52.3,52.9,53,55.45,116466,6230204.8,8-OCT-2007,
INDSWFTLTD,EQ,26,28.85,26,27.5,27.65,28.5,37971,1056045.6,8-OCT-2007,
INDUSFILA,EQ,202.5,203,194,199.8,200,205.3,2617,521259.85,8-OCT-2007,
INDUSINDBK,EQ,69.1,69.9,60.55,61.25,60.8,68.55,1548826,96964236.35,8-OCT-2007,
INFOMEDIA,EQ,223.05,229,220,226,225,227.55,3145,700740.3,8-OCT-2007,
INFOSYSTCH,EQ,2000,2025,1984,2003.65,2000,1982.9,1086969,2178218080.8,8-OCT-2007,
INFOTECENT,EQ,269.9,271,249,250.15,249,264.25,25791,6533973.2,8-OCT-2007,
INGERRAND,EQ,310,311,292.25,297.8,299.9,308.15,14575,4375046.25,8-OCT-2007,
INGVYSYABK,EQ,264.9,274.85,261.1,266.4,265,265.45,48784,12926131.85,8-OCT-2007,
INOXLEISUR,EQ,116.9,116.9,112.3,113.95,113.5,115.95,42037,4774563.15,8-OCT-2007,
INVSTSMART,EQ,192,195,184.05,192.7,195,195,21861,4149183.3,8-OCT-2007,
IOB,EQ,135,135.4,121.1,126.05,125.8,133.55,377717,47338672.9,8-OCT-2007,
IOC,EQ,500,505.8,467,476.25,470.1,502.75,529215,253454294.7,8-OCT-2007,
IOLB,EQ,511,511.5,489,490.7,494.75,512.25,34214,17013769.25,8-OCT-2007,
IPCALAB,EQ,638,657,615,650.75,655,639.15,4581,2911055.95,8-OCT-2007,
ISMTLTD,EQ,91,91,86.5,87.95,87.75,93.05,24552,2162676.5,8-OCT-2007,
ISPATIND,EQ,32.2,32.6,28.8,29,28.8,32,26741692,806843769.6,8-OCT-2007,
ISPATIND,P1,3.55,3.85,3.2,3.4,3.4,3.75,49484,171963.45,8-OCT-2007,
ITC,EQ,180,181,174.15,178.15,177.75,178.75,3801458,674449788.85,8-OCT-2007,
ITDCEM,EQ,525,530,485.2,490.9,485.2,522.95,1231,613470.1,8-OCT-2007,
ITI,EQ,46.4,48,43.9,44.3,44.6,46.9,291302,13116362.3,8-OCT-2007,
IVC,EQ,279,279,248,272.65,263.5,267.25,63788,16526050.55,8-OCT-2007,
IVP,EQ,31,31,28.55,28.55,28.55,29.8,2606,75291.55,8-OCT-2007,
IVRCLINFRA,EQ,425.05,433.4,390.25,412.25,412,429.45,806539,330975853.1,8-OCT-2007,
IVRPRIME,EQ,439,439,407,415.85,413,441.3,80676,33786635,8-OCT-2007,
J&KBANK,EQ,743.95,743.95,720,730.15,732.95,734.45,39317,28677565.75,8-OCT-2007,
JAGRAN,EQ,549.05,550.5,520.1,544.8,550.5,550.45,4478,2392707.7,8-OCT-2007,
JAGSNPHARM,EQ,18,18.2,17.05,17.25,17.05,17.85,9197,161498.7,8-OCT-2007,
JAIBALAJI,EQ,211,211.65,205.1,211.65,211.65,201.55,38569,8160107.3,8-OCT-2007,
JAICORPLTD,BE,834,845.05,804,845.05,845.05,804.8,97989,82554602.55,8-OCT-2007,
JAINSTUDIO,EQ,20.6,21.6,20.5,21.05,21.05,21.4,14585,305742.55,8-OCT-2007,
JAYAGROGN,EQ,93.1,93.5,89.9,89.9,89.9,94.6,5765,521894,8-OCT-2007,
JAYBARMARU,EQ,46.75,49.5,46.5,47.6,47.6,48.15,3991,189435.95,8-OCT-2007,
JAYPEEHOT,BE,84,84,80.25,80.25,80.25,84.45,11012,886851.35,8-OCT-2007,
JAYSREETEA,EQ,110.9,110.9,103,104.2,104.7,107.8,12520,1315671.35,8-OCT-2007,
JBCHEPHARM,EQ,65.1,67.95,63,64.7,64.5,65.15,26567,1709128.6,8-OCT-2007,
JBFIND,EQ,162,163.9,157.05,162.15,162.1,163.1,94776,15305862.6,8-OCT-2007,
JBMA,EQ,100,100,92,95.1,95.8,98.5,8043,761303.45,8-OCT-2007,
JENSONICOL,BE,7.3,7.3,6.85,6.85,6.85,7.2,35127,242354.15,8-OCT-2007,
JETAIRWAYS,EQ,934.95,948.65,897,910.85,903.25,933.35,78951,72050066.6,8-OCT-2007,
JHS,EQ,32.8,33.5,30.8,31.25,31.5,33.25,22206,702074.15,8-OCT-2007,
JIK,BE,8.9,8.9,8.15,8.35,8.35,8.5,1810,14992,8-OCT-2007,
JINDALPHOT,EQ,151.5,155.5,138,143.2,142.1,153.45,9721,1407839.7,8-OCT-2007,
JINDALPOLY,BE,232,232,220,222.9,225,230.35,4717,1049356.55,8-OCT-2007,
JINDALSAW,EQ,600,608,562.05,584.25,582,591.85,106400,60643227.3,8-OCT-2007,
JINDALSTEL,EQ,6619,6900,6050.3,6693.65,6550,6473.45,315352,2050383781.85,8-OCT-2007,
JINDALSWHL,EQ,480,483,431,435.8,435.2,485.7,1528,689749.4,8-OCT-2007,
JINDRILL,EQ,880.5,927,880.5,906.55,906,903.25,5704,5155717.35,8-OCT-2007,
JISLJALEQS,EQ,555.9,562,510,545.6,549.95,554.95,6740,3587815.65,8-OCT-2007,
JKCEMENT,EQ,182,182,167.1,169.3,168.3,179.15,47058,8093921.45,8-OCT-2007,
JKLAKSHMI,EQ,180,181.1,165,167.3,167.7,180,144545,24637384.8,8-OCT-2007,
JKPAPER,EQ,40,40,38,38.45,38.55,39.9,43201,1665464.7,8-OCT-2007,
JKTYRE,EQ,120.6,122,114.1,114.8,114.25,121.05,55078,6377360.9,8-OCT-2007,
JMFINANCIL,EQ,1730,1730,1580,1626.75,1625,1711.25,2906,4805546.4,8-OCT-2007,
JMTAUTOLTD,EQ,72,72.75,68.9,69.65,68.9,72.4,638,44914.3,8-OCT-2007,
JPASSOCIAT,EQ,1135,1154,1035,1105.8,1103,1085.8,1114199,1208788040.35,8-OCT-2007,
JPHYDRO,EQ,72.8,74.45,62.15,65.75,65.9,73.05,16559988,1093382253.75,8-OCT-2007,
JSTAINLESS,EQ,165.6,165.6,152.45,155.05,154.8,164.35,199572,31268116.45,8-OCT-2007,
JSWSTEEL,EQ,870,870,775.05,804.05,807.5,850.95,387989,312594431.6,8-OCT-2007,
JUBILANT,EQ,305,308,298,298.85,298.05,306.9,9133,2749156.7,8-OCT-2007,
JUNIORBEES,EQ,100,100,93.9,95.99,95.9,100,19463,1884533.86,8-OCT-2007,
JYOTISTRUC,EQ,246,260,225.5,229.45,230,243.15,105788,25283291.15,8-OCT-2007,
KABRAEXTRU,EQ,90.3,91.5,88.5,89.95,89.95,90.75,1300,116846.25,8-OCT-2007,
KAJARIACER,EQ,27.35,27.35,25.35,25.8,25.75,27.25,30578,794277.15,8-OCT-2007,
KAKATCEM,EQ,99.9,99.9,83,85.25,85.4,90.8,17585,1537849.2,8-OCT-2007,
KALECONSUL,EQ,85.5,88.2,83,83.4,83,86.05,45232,3835399.1,8-OCT-2007,
KALINDEE,EQ,324.05,361.45,324.05,342.9,340,340.1,56772,19975438,8-OCT-2007,
KALPATPOWR,EQ,1700,1700,1571.05,1618.05,1615,1658.8,15565,25084659.25,8-OCT-2007,
KAMATHOTEL,EQ,205,214,200,202,200,209.2,30292,6163139.1,8-OCT-2007,
KANORICHEM,EQ,99,99,95,95,95,98,2194,211191,8-OCT-2007,
KANSAINER,EQ,900,900,784.75,790.25,785,782.7,7183,5719299,8-OCT-2007,
KARURVYSYA,EQ,334,334,325.2,326.8,327,333.85,44341,14563390.1,8-OCT-2007,
KBL,EQ,525,527.5,490.05,502.75,508,510.65,7384,3753379.35,8-OCT-2007,
KCP,EQ,362,365,340,342.1,340.1,361.3,8000,2791679.2,8-OCT-2007,
KCPSUGIND,EQ,20,20,18.1,18.15,18.1,19.05,160788,2959700,8-OCT-2007,
KEC,EQ,645,660,618,651.2,655,650.65,54832,34892045.55,8-OCT-2007,
KECINFRA,EQ,28.9,28.9,26.05,26.95,27.15,28.7,118873,3203161.35,8-OCT-2007,
KEI,EQ,79.3,79.9,74.3,74.95,74.3,78.2,128548,9701234.75,8-OCT-2007,
KERNEX,BE,334,334.05,318.15,318.15,318.15,334.9,4851,1562348.45,8-OCT-2007,
KESARENT,EQ,56,56,53,54,53.1,58,627,33879.8,8-OCT-2007,
KESORAMIND,EQ,576,576,520,543.4,538,564.6,100070,54040431.8,8-OCT-2007,
KEYCORPSER,EQ,78.1,88.7,78.05,78.5,88.5,86.55,43,3378.25,8-OCT-2007,
KHAITANELE,EQ,121.15,123.15,119,119.65,120.9,125.65,1955,236497.55,8-OCT-2007,
KHAITANLTD,BE,48,49.5,48,49.5,49.5,49.5,183,8874,8-OCT-2007,
KHANDSE,EQ,43,47.6,42.5,46.15,46.4,47.45,5533,242262.35,8-OCT-2007,
KIL,EQ,30.6,32.5,30.5,30.95,31.2,31.4,167199,5274350.3,8-OCT-2007,
KINETICMOT,BE,38,40.9,37.55,39.45,39.2,39.25,9422,367050.65,8-OCT-2007,
KIRLOSOIL,EQ,368,382,358,362.9,361.5,369.95,36963,13510220.35,8-OCT-2007,
KKCL,EQ,378,379,348,355.35,360,377.1,229464,84727601.65,8-OCT-2007,
KLGSYSTEL,EQ,594.4,607,559.95,568.75,565,597.55,96155,55248213,8-OCT-2007,
KMSUGAR,EQ,21.6,22.95,20.05,21.2,21.35,23.2,17480,371950.35,8-OCT-2007,
KNL,EQ,240,240,222.95,222.95,222.95,234.65,32636,7336119.55,8-OCT-2007,
KOHINOOR,EQ,54,54,50.8,51.15,51,53.25,24487,1264678.55,8-OCT-2007,
KOPDRUGS,BE,13.5,14.05,13.4,13.7,13.7,13.75,4400,59757.5,8-OCT-2007,
KOPRAN,EQ,27.15,27.4,25.35,25.65,25.5,27.1,58741,1519095.65,8-OCT-2007,
KOTAKBANK,EQ,967,988.9,884,911.8,915,957.6,882673,808970537.15,8-OCT-2007,
KOTAKGOLD,EQ,947,951,947,947.62,947,947,841,796970.55,8-OCT-2007,
KOTARISUG,EQ,12.1,12.9,11.75,12,12,12.85,179972,2160827.45,8-OCT-2007,
KOTHARIPET,BE,18.3,19.75,17.95,18,17.95,18.85,120582,2265339.5,8-OCT-2007,
KOTHARIPRO,EQ,712,712,661.5,682.25,688.95,699.95,1469,989481.9,8-OCT-2007,
KPIT,EQ,120.05,120.05,113.5,114.05,114.05,115.4,155888,17878483.3,8-OCT-2007,
KPRMILL,EQ,136,136.7,125,125.8,125.2,133.4,20718,2667920.9,8-OCT-2007,
KRBL,EQ,83.15,84,80.1,82.85,83,83.95,66014,5436437.5,8-OCT-2007,
KRISHNAENG,BE,6.55,6.55,6.2,6.25,6.25,6.5,23220,148441,8-OCT-2007,
KSBPUMPS,EQ,505,515,476,486.4,488,500.4,979,474122.6,8-OCT-2007,
KSCL,EQ,210,213.8,178.2,187.55,190,208.8,1172107,224730925.45,8-OCT-2007,
KSERAPRO,EQ,24.25,24.5,23.4,23.5,23.4,24.6,149067,3509175.35,8-OCT-2007,
KSOILS,EQ,73.7,75.5,73.7,74.85,75,72.7,1156012,86381068.8,8-OCT-2007,
KTKBANK,EQ,240,241,216.25,219.7,220,236.65,240432,53478474.9,8-OCT-2007,
LAKPRE,EQ,70.1,71.3,67.55,67.7,67.7,69.95,1031,70650.6,8-OCT-2007,
LAKSHMIEFL,EQ,201,201,184.05,188.95,187.25,204.75,3168,598841.5,8-OCT-2007,
LAKSHVILAS,EQ,109,109,100.1,101.55,102,108.35,136856,14010353.75,8-OCT-2007,
LANABS,EQ,190.5,198,190.5,196,196,198,9884,1932350,8-OCT-2007,
LANCOIN,EQ,51.9,54.9,49,49.85,49.7,45.95,388689,19598139.15,8-OCT-2007,
LAOPALA,EQ,50,50.05,47.2,47.75,47.7,49.3,15215,736750.5,8-OCT-2007,
LAXMIMACH,EQ,2997,2999,2775,2826.75,2835.5,2941.4,10180,28849255.1,8-OCT-2007,
LCCINFOTEC,BE,1.05,1.05,1.05,1.05,1.05,1.1,10975,11523.75,8-OCT-2007,
LGBROS,EQ,26,26,24.5,24.65,24.55,26.05,106029,2650574.6,8-OCT-2007,
LIBERTSHOE,EQ,121.6,121.6,116,119.45,118.55,122.75,15750,1879027,8-OCT-2007,
LICHSGFIN,EQ,243,244.95,220,226.05,225.5,245.1,246316,56070156.35,8-OCT-2007,
LIQUIDBEES,EQ,1000.01,1000.01,999.99,1000,999.99,1000,92370,92370378.65,8-OCT-2007,
LITL,EQ,387,413.9,358,408.25,409,390.85,3538073,1378875186.75,8-OCT-2007,
LLOYDELENG,EQ,170,173,166.5,169.55,169.8,170.25,68073,11500847.95,8-OCT-2007,
LLOYDFIN,BE,2.8,2.8,2.7,2.7,2.7,2.8,19162,53537.4,8-OCT-2007,
LLOYDSTEEL,EQ,16,16,14.85,14.85,14.85,15.6,826941,12390364.4,8-OCT-2007,
LML,BE,13.8,13.8,13,13.05,13.1,13.65,219128,2880922.85,8-OCT-2007,
LOGIXMICRO,EQ,335,335,323.85,325,325,340.85,2066,671289.1,8-OCT-2007,
LOKESHMACH,EQ,100,100,91.05,92.6,92.95,95.05,22441,2089870.65,8-OCT-2007,
LOTTEINDIA,EQ,336,342,336,340,340,335,154,52021,8-OCT-2007,
LT,EQ,3149.8,3149.8,2980.05,3020.45,3009,3089.65,999406,3030500256.8,8-OCT-2007,
LUMAXAUTO,EQ,59.1,62.5,59.1,60.65,60.15,63.05,1288,78466.25,8-OCT-2007,
LUMAXIND,EQ,459.9,459.9,450.2,451.15,451.15,452.05,1089,491307.85,8-OCT-2007,
LUMAXTECH,EQ,92.65,92.65,90.1,91.75,92.45,93,12654,1161272.65,8-OCT-2007,
LUPIN,EQ,610,612.9,572.75,579.5,579.4,607.55,60535,35547634.25,8-OCT-2007,
LYKALABS,BE,42.75,42.75,41.5,41.7,41.95,43.65,8753,363623.95,8-OCT-2007,
M&M,EQ,752,758.7,717.15,726.35,725,752.25,658613,480528799.3,8-OCT-2007,
M&MFIN,EQ,229,235.2,229,234.95,235.05,234.8,40636,9526529.15,8-OCT-2007,
MAARSOFTW,BE,4.1,4.2,3.95,3.95,3.95,4.15,88851,358433.5,8-OCT-2007,
MACMILLAN,EQ,270,270,260.9,264.2,266,268.5,1069,283380.55,8-OCT-2007,
MADHUCON,EQ,274,275,244,251.65,250.05,264.75,20300,5176977.95,8-OCT-2007,
MADRASCEM,EQ,4170,4188.8,3970,3999.55,3975,4207.5,2122,8540916.25,8-OCT-2007,
MADRASFERT,BE,13.6,13.75,13.2,13.2,13.2,13.9,54724,726969,8-OCT-2007,
MAGMA,EQ,272,272,240.3,243.2,243,285.35,3316,833698.55,8-OCT-2007,
MAGNUM,EQ,30,30.2,27.25,27.55,27.3,29.8,340672,9667571.9,8-OCT-2007,
MAHABANK,EQ,60.25,60.25,54.95,59,59,60.2,226236,12999768.9,8-OCT-2007,
MAHINDFORG,EQ,213.05,213.05,200,200.05,200.05,214.5,8309,1684158.2,8-OCT-2007,
MAHINDUGIN,EQ,94.95,94.95,87,88.7,88.55,92.35,11392,1021733.6,8-OCT-2007,
MAHSCOOTER,EQ,356.9,356.9,332,334.45,334.45,344.25,6170,2088814,8-OCT-2007,
MAHSEAMLES,EQ,589,589,534,539.35,540,575.1,87198,47688439.7,8-OCT-2007,
MALCO,EQ,599,645,599,607.7,607.25,571.35,8503,5166747.7,8-OCT-2007,
MALUPAPER,EQ,52.85,52.9,49.15,49.25,49.55,51.7,9912,491122,8-OCT-2007,
MALWACOTT,EQ,68.8,68.8,58.15,59.3,59.3,63.15,22106,1316828.5,8-OCT-2007,
MANALIPETC,EQ,13.5,13.5,12.1,12.25,12.15,13.4,838534,10447919.75,8-OCT-2007,
MANGALAM,EQ,17.5,17.95,16.2,16.55,17,17.8,12350,209279.55,8-OCT-2007,
MANGLMCEM,EQ,240,240,209.5,217,212.1,239.15,240627,52373680.8,8-OCT-2007,
MANGTIMBER,EQ,26.95,27,25.05,25.1,25.2,26.35,42165,1069089.1,8-OCT-2007,
MANINDS,EQ,303,310,282,290.85,292,303.3,58063,17043839.15,8-OCT-2007,
MANUGRAPH,EQ,110.3,111.95,107.9,109.05,108.55,111.8,11548,1265741,8-OCT-2007,
MARALOVER,EQ,17.55,17.9,16.5,16.7,17,17.65,24487,421776.35,8-OCT-2007,
MARICO,EQ,63.2,63.2,61.25,62.95,62.55,62.25,199037,12403698.9,8-OCT-2007,
MARKSANS,BE,116,117,109.9,111.1,111,115.65,113235,12528256.45,8-OCT-2007,
MARUTI,EQ,1051,1051,1001.05,1025.25,1024,1034.85,1127200,1148058822.95,8-OCT-2007,
MASTEK,EQ,322,325,302,312.5,314,323.05,59319,18769938.1,8-OCT-2007,
MATRIXLABS,EQ,235,235,215.1,220.1,218.8,230.45,151949,33587864.8,8-OCT-2007,
MAWANA,EQ,31.4,31.4,29.3,29.55,29.7,31.1,85451,2570785.35,8-OCT-2007,
MAX,EQ,238.25,259.7,236,255.7,252.2,244.5,48524,11932885.15,8-OCT-2007,
MAXWELL,EQ,26.5,26.5,24,25,24.9,26.8,30490,772632.1,8-OCT-2007,
MBECL,EQ,201,201,186.7,190.05,190,196.5,87805,16552903,8-OCT-2007,
MCDHOLDING,EQ,239,239,215,216.95,215.9,230.65,39274,8675534.1,8-OCT-2007,
MCDOWELL-N,EQ,1774,1805,1644,1665.9,1657.6,1775.85,382577,645826485.5,8-OCT-2007,
MCLEODRUSS,EQ,58.5,59,54.95,55.2,55.1,57.8,252356,14120451.65,8-OCT-2007,
MEGASOFT,EQ,104,106.9,98,99.65,98.25,104.4,53629,5398889.55,8-OCT-2007,
MEGH,EQ,24.1,24.1,23.25,23.75,23.85,23.9,473687,11215032.3,8-OCT-2007,
MELSTAR,BE,9.3,9.4,9.3,9.4,9.4,9.75,1075,10005,8-OCT-2007,
MIC,EQ,539.9,539.9,463,491.3,491,531.2,153510,75819343.95,8-OCT-2007,
MICO,EQ,4380,4380,4240,4262.05,4250.55,4254.6,1571,6676132.4,8-OCT-2007,
MICRO,EQ,369.8,369.8,355,361.25,361,361.65,3482,1248506.75,8-OCT-2007,
MICROTECH,EQ,216.55,220,210.5,211,210.75,220.9,22622,4813849.8,8-OCT-2007,
MID-DAY,EQ,45.4,46.2,42.2,42.7,43,45.4,138379,6025410.6,8-OCT-2007,
MINDAIND,EQ,138,138,130,131.5,131.5,138.05,779,103155.95,8-OCT-2007,
MINDTREE,EQ,498.5,498.5,475,483.4,485,486.15,99964,48440306.95,8-OCT-2007,
MIRCELECTR,EQ,22.1,22.5,20.2,20.4,20.3,21.85,378906,7843280.55,8-OCT-2007,
MIRZAINT,EQ,24.05,24.1,22.3,22.9,22.9,24.15,235679,5408050.45,8-OCT-2007,
MLL,EQ,79,81.4,74,80,79.7,78.75,3103450,244269461.65,8-OCT-2007,
MMFL,EQ,150,155.75,142,142.1,142,150.95,2740,400250.3,8-OCT-2007,
MONNETISPA,EQ,403.4,403.4,382,389.55,392.5,403.4,54089,21045646.4,8-OCT-2007,
MONSANTO,EQ,1382,1394.85,1346.05,1357.8,1355,1361.85,1518,2062166.7,8-OCT-2007,
MOREPENLAB,EQ,17.5,17.95,16,16.3,16.5,17.5,818104,13567470.6,8-OCT-2007,
MORGANSTAN,EQ,55,56,54,54.6,54.75,55.75,313820,17170213.05,8-OCT-2007,
MOSERBAER,EQ,314.95,316.65,289.1,294.5,293,312.8,549238,163918199.4,8-OCT-2007,
MOTHERSUMI,EQ,105,105,102.4,103.35,103.3,106.45,14769,1530786.7,8-OCT-2007,
MOTILALOFS,EQ,1098.4,1120,1081,1105.7,1119.9,1098.4,59723,65557032.1,8-OCT-2007,
MOTOGENFIN,EQ,55.2,55.95,53.45,53.45,53.45,56.25,23439,1259440.6,8-OCT-2007,
MPHASIS,EQ,266.6,283.5,266.6,280.15,280,276.75,296676,82359836.05,8-OCT-2007,
MRF,EQ,3750,3775,3700,3711,3710,3707.15,1467,5470788.5,8-OCT-2007,
MRO-TEK,EQ,46.25,46.25,44.1,44.35,44.45,46.5,25812,1161058.35,8-OCT-2007,
MRPL,EQ,68.5,69,58,59.15,58.9,67.75,4374217,266086478.2,8-OCT-2007,
MSKPROJ,BE,100,101,95.6,99.15,101,100.6,43190,4228416.7,8-OCT-2007,
MSPL,EQ,37.5,37.55,35.65,35.65,35.65,37.5,31644,1136572.5,8-OCT-2007,
MTNL,EQ,156,158.7,142.1,149.25,148.25,154.25,1736195,258828368.8,8-OCT-2007,
MUDRA,EQ,75,75.4,70.2,70.5,70.55,73.55,162549,11596076.65,8-OCT-2007,
MUKANDENGG,EQ,30.5,30.85,29.25,29.7,30,30.45,7007,210466.25,8-OCT-2007,
MUKANDLTD,EQ,88.3,89,82.1,85.25,85.85,89.9,58628,4979882.2,8-OCT-2007,
MUKTAARTS,EQ,125.1,125.1,97.3,100.4,99,110.05,26249,2781479.85,8-OCT-2007,
MUNJALAU,EQ,99,99,96,98.7,97,99.4,3261,320776.3,8-OCT-2007,
MUNJALSHOW,EQ,41.2,43.6,39.9,40.3,40,42.45,51275,2074010.35,8-OCT-2007,
MURLIIND,EQ,820,820,775.1,800.25,805,831.75,1507,1197072.65,8-OCT-2007,
MURUDCERA,EQ,135,135,125,127.75,126.6,132.2,18164,2336316.9,8-OCT-2007,
MYSORECEM,EQ,58.75,58.75,52.7,54.45,54.5,57.15,502251,27394455.1,8-OCT-2007,
NAGARCONST,EQ,268.85,275.7,257.15,265.3,266,268.85,1129769,301250598.05,8-OCT-2007,
NAGARFERT,EQ,60.95,61,50.1,51.1,50.5,60.35,40676640,2181822474.2,8-OCT-2007,
NAGPURENG,EQ,30,30,27.8,27.8,27.8,29.25,225213,6320115.7,8-OCT-2007,
NAGREEKCAP,EQ,92.25,93,84,86.4,88.9,92.85,10926,961608.45,8-OCT-2007,
NAGREEKEXP,EQ,31.5,32,31,31.3,31.1,31.85,7023,220827.15,8-OCT-2007,
NAHAREXPOT,EQ,24.5,24.5,23.1,23.25,23.15,24.5,8608,203419.1,8-OCT-2007,
NAHARINDUS,EQ,116.7,120,114,115.05,115.05,119.75,2062,240320.95,8-OCT-2007,
NAHARSPING,EQ,83.3,83.3,77.25,79.15,79.6,81.4,17893,1418154.4,8-OCT-2007,
NANDAN,EQ,3.45,3.5,3.1,3.15,3.15,3.45,878410,2808664.05,8-OCT-2007,
NATCOPHARM,EQ,114.6,114.6,107.25,109.75,109.5,114.35,24260,2674620.1,8-OCT-2007,
NATIONALUM,EQ,290,299.9,288,292.65,295.45,290.5,137770,40160896.1,8-OCT-2007,
NATNLSTEEL,EQ,29.1,29.45,26.4,26.9,26.55,29.3,160578,4378931.9,8-OCT-2007,
NAUKRI,EQ,1015,1030,970,978.7,976.5,1000.6,12500,12373138.85,8-OCT-2007,
NAVINFLUOR,EQ,315,321,307,315.35,312.5,321.4,4732,1476936.45,8-OCT-2007,
NAVNETPUBL,EQ,81.55,82.5,77.1,78.65,79,82.05,75112,5961350.65,8-OCT-2007,
NBVENTURES,EQ,288,295,259,265.9,265,286.9,546408,146590826.35,8-OCT-2007,
NCLIND,EQ,63,67.4,52.1,53.45,53.5,57.35,112467,6186706.85,8-OCT-2007,
NDTV,EQ,387.9,393.9,353.1,360.2,360.05,383.9,199829,73582920.9,8-OCT-2007,
NECLIFE,EQ,235.3,239.95,224.15,230.05,230,240.2,15875,3658955.25,8-OCT-2007,
NELCAST,EQ,167,167.8,153.7,155,155.7,164.65,54902,8672593.85,8-OCT-2007,
NELCO,EQ,122.15,130,112.1,116,115.6,121.45,98332,11581783.4,8-OCT-2007,
NEOCURTHER,BE,10.8,10.8,10.25,10.25,10.25,10.75,12436,128001.5,8-OCT-2007,
NEPCMICON,EQ,26,26.8,25.4,25.4,25.4,26.7,90213,2301881.45,8-OCT-2007,
NETFINCO,EQ,32.15,32.5,31.55,31.55,31.55,32.5,3677,116707.55,8-OCT-2007,
NETWORK18,EQ,406,408.8,390.05,394.9,395.2,403.3,166339,65881105.2,8-OCT-2007,
NEYVELILIG,EQ,109.9,110.9,95.65,97.95,97.55,108.9,3485493,348078318.65,8-OCT-2007,
NFL,EQ,51.7,51.7,43.55,44.25,44.7,49.95,36283,1674317.55,8-OCT-2007,
NICCO,EQ,28.45,28.45,25.6,26.05,26,27.4,68299,1794398.6,8-OCT-2007,
NICOLASPIR,EQ,277,277,259.05,263.1,263.8,271.5,81684,21736127.25,8-OCT-2007,
NIFTYBEES,EQ,524,524.05,505.8,510.78,506,522.81,26504,13569895.07,8-OCT-2007,
NIITLTD,EQ,134.9,134.9,129,131,131.2,131.35,699861,91991934.25,8-OCT-2007,
NIITTECH,EQ,367.65,373.8,330.2,345.4,342,363.45,808293,280041329.85,8-OCT-2007,
NILKAMAL,EQ,164.3,164.3,161,161,161,164.3,847,137144.4,8-OCT-2007,
NIPPOBATRY,EQ,451,500,451,465.35,466,480.7,398,186868.55,8-OCT-2007,
NIRMA,EQ,160.1,161.7,154,155.65,154,160.9,9189,1441043.8,8-OCT-2007,
NISSAN,BE,34.2,34.5,32.1,33.25,33.1,33.75,42842,1412495.8,8-OCT-2007,
NITCO,EQ,229.9,235,216.3,222.3,226,229,12785,2857192.85,8-OCT-2007,
NITINFIRE,EQ,412.9,414.9,395,396.2,396.7,407.4,60487,24261322.95,8-OCT-2007,
NITINSPIN,EQ,13.25,13.5,12.6,13,13,13.55,59643,773392.15,8-OCT-2007,
NOCIL,EQ,35.6,35.6,30.7,31.6,31.4,34.35,2530386,80715684.25,8-OCT-2007,
NOIDATOLL,EQ,37.45,37.6,33.5,34.1,34.15,37.05,1939745,66734501.15,8-OCT-2007,
NORBTEAEXP,EQ,4.3,4.5,4.3,4.4,4.4,4.5,1039,4520.7,8-OCT-2007,
NORTHGATE,EQ,699.9,699.9,635.15,635.25,635.15,668.55,12130,7751344.15,8-OCT-2007,
NOVAPETRO,BE,17.1,17.95,17.05,17.1,17.1,17.95,9756,167787.1,8-OCT-2007,
NOVOPANIND,EQ,51.9,51.9,50.05,50.35,50.35,51.85,1666,84024.8,8-OCT-2007,
NRBBEARING,EQ,93.45,93.45,91,91.4,91.95,93.25,4667,430034,8-OCT-2007,
NRC,EQ,23.5,23.5,22.5,22.6,22.6,23.6,23794,548163.05,8-OCT-2007,
NSIL,EQ,798.4,843.55,715.2,829.65,826.2,766.85,1492,1195921.6,8-OCT-2007,
NTPC,EQ,215,218.85,201.1,204.9,204.8,214.45,7436975,1535362259.35,8-OCT-2007,
NUCHEM,BE,7.15,7.15,6.5,6.55,6.55,6.8,5812,38715,8-OCT-2007,
NUCLEUS,EQ,307.1,311.65,289,294,293,304.15,51169,15212829.9,8-OCT-2007,
NUMERICPW,EQ,518.85,575.5,493,502.05,500,481.5,24240,12492050.95,8-OCT-2007,
OCL,EQ,195,197.4,167.9,170.05,168.2,192.1,111414,20190027.65,8-OCT-2007,
OILCOUNTUB,BE,80,80.5,76,76.35,76.05,80,16478,1266156.2,8-OCT-2007,
OMAXAUTO,EQ,66.1,66.85,63.6,64.1,64.05,66.2,14341,923490.95,8-OCT-2007,
OMAXE,EQ,318,327.9,296,300.9,301,317.4,655011,200175312.75,8-OCT-2007,
OMNITECH,EQ,140,142.25,128.1,130.2,130.1,138.6,79698,10599397.45,8-OCT-2007,
ONGC,EQ,968.7,988.8,920.1,939.65,939.1,965.85,953028,892568286.8,8-OCT-2007,
ONWARDTEC,EQ,37,37.9,35.05,35.6,35.95,37.55,8418,303119.65,8-OCT-2007,
OPTOCIRCUI,EQ,559.4,569.9,524.1,532.6,532,559.5,74801,40209315.7,8-OCT-2007,
ORBITCORP,EQ,580.1,606.2,553,563.8,561.5,586.4,847853,488125748.85,8-OCT-2007,
ORBITCORP,W1,41.55,41.6,35.25,39.9,40.85,43.15,8205,331088.1,8-OCT-2007,
ORCHIDCHEM,EQ,219,220.9,205.05,206.6,205.05,218.4,183452,38246644.7,8-OCT-2007,
ORGINFO,EQ,103.95,103.95,92,93.9,93.5,98.3,12279,1172552.4,8-OCT-2007,
ORIENTABRA,EQ,27.9,29.9,27,27.15,27,25.9,194315,5437255.3,8-OCT-2007,
ORIENTBANK,EQ,232.25,233.7,216.75,217.8,217.65,230.4,317424,69886320.95,8-OCT-2007,
ORIENTCERA,EQ,55,55,51.2,51.2,51.2,51.1,1142,59713.95,8-OCT-2007,
ORIENTHOT,EQ,316,323,311.25,323,323,315.7,939,296606.25,8-OCT-2007,
ORIENTINFO,EQ,13.8,14.7,13.05,13.35,13.35,14.25,22448,305688.1,8-OCT-2007,
ORIENTPPR,E1,355,355,340,340,340,351.55,96,33585,8-OCT-2007,
ORIENTPPR,EQ,555,589,528.65,541.35,540,561.4,21088,11526494.8,8-OCT-2007,
ORIENTPRES,EQ,37.2,43.5,31.6,38,38,36.5,1034,36479.75,8-OCT-2007,
OTL,EQ,19.9,20,18.1,18.55,18.35,19.3,22838,428519.2,8-OCT-2007,
OUDHSUG,EQ,54.7,55,52.25,53,52.5,56.25,30469,1622467.3,8-OCT-2007,
PAEL,EQ,34.9,34.9,30.1,32.9,32.95,35.15,21190,690069.55,8-OCT-2007,
PAGEIND,EQ,435,435,410,419,419,440,2026,869992.1,8-OCT-2007,
PANACEABIO,EQ,448,448,425,436.85,435,436.9,20190,8775835.05,8-OCT-2007,
PANORAMUNI,EQ,102,102,96.1,97,97,98.05,6420,636671.5,8-OCT-2007,
PANTALOONR,EQ,525.2,574,525.2,538.05,542,565.65,149229,80658495.7,8-OCT-2007,
PANTALOONR,IL,640,640,640,640,0,615.05,20,12800,8-OCT-2007,
PAPERPROD,EQ,55.1,55.1,53,53.4,53.25,55.55,22752,1218632.7,8-OCT-2007,
PARACABLES,EQ,31.85,32,29.1,29.55,29.4,31.25,487809,14614533.7,8-OCT-2007,
PARADYNE,EQ,193.95,204.45,185.7,192.95,194,201.2,11226,2185503,8-OCT-2007,
PARAL,EQ,228,244.4,223.15,230.4,231,225.55,56297,13190537.75,8-OCT-2007,
PAREKHPLAT,BE,7.1,7.5,7.1,7.35,7.35,7.45,5229,37255.45,8-OCT-2007,
PARSVNATH,EQ,368.85,369.5,336.5,347.6,344.05,364.2,1352854,468714657.7,8-OCT-2007,
PATELENG,EQ,509.4,509.4,466,474.45,477,494.05,110341,53304521.25,8-OCT-2007,
PATNI,EQ,467,485,465,479.95,478.4,457.9,1999306,948000936.05,8-OCT-2007,
PATSPINLTD,EQ,12.25,14.7,11.75,13.85,14,12.25,282484,3933621.8,8-OCT-2007,
PAVCI,EQ,28.15,29,28.15,28.5,28.5,28.6,57135,1628438.5,8-OCT-2007,
PBAINFRA,EQ,92,93.8,88,88.8,88.8,90.15,63991,5808402.55,8-OCT-2007,
PDUMJEAGRO,EQ,37.25,38,37.25,38,38,39.5,200,7525,8-OCT-2007,
PDUMJEPULP,EQ,82.05,82.05,73,79.5,79.5,84.05,2280,178319.95,8-OCT-2007,
PEACOCKIND,BE,2.75,2.75,2.75,2.75,2.75,2.85,500,1375,8-OCT-2007,
PEARLGLOBL,EQ,80,80,72.85,74.5,74.55,78,2913,216259.55,8-OCT-2007,
PEARLPOLY,EQ,20.35,21.95,16.25,18.4,18.3,20.25,22793,407067.2,8-OCT-2007,
PENINLAND,EQ,574,584.4,546,558.2,563,567.25,93679,52417889.25,8-OCT-2007,
PEPL,BE,8.1,8.35,8.05,8.1,8.35,8.35,4301,34750.85,8-OCT-2007,
PETRONENGG,EQ,293,293.8,261.05,269.55,273.8,282.8,16549,4581563.2,8-OCT-2007,
PETRONET,EQ,80,80.8,71.1,72.7,72.2,79.7,6554458,482649397.6,8-OCT-2007,
PFC,EQ,210,213.5,191.4,194.4,193.65,208,3183251,632029755.75,8-OCT-2007,
PFIZER,EQ,704,705,681,683.95,681,700.2,7613,5236643.75,8-OCT-2007,
PFOCUS,EQ,960,964.9,901,944,940,938.05,9063,8572370.25,8-OCT-2007,
PGHH,EQ,734,734,699.95,702.8,699.95,716.1,4710,3326490.25,8-OCT-2007,
PHILIPCARB,EQ,161.6,168,158,160.45,159.75,165,11613,1862281.95,8-OCT-2007,
PHOENIXLMP,EQ,134,143.95,133,133.9,133,140.6,19475,2636298.9,8-OCT-2007,
PHOENIXLTD,EQ,2000,2020,1957,2000.2,2000,2002.7,3674,7329669,8-OCT-2007,
PIDILITIND,EQ,152.2,155,148.25,149.85,149.5,153.7,21804,3283647.8,8-OCT-2007,
PIONEEREMB,EQ,131.6,142.1,131.6,134.85,134,144.75,6044,832468,8-OCT-2007,
PIRAMYDRET,EQ,59.2,59.95,57,57.45,57.4,60.4,18758,1088144.65,8-OCT-2007,
PITTILAM,EQ,71.75,71.75,69,69.4,69,72,5770,401367.5,8-OCT-2007,
PLASTIBLEN,EQ,151.2,156.8,151.2,154.15,156.8,157.95,400,61365,8-OCT-2007,
PLETHICO,EQ,425,440,399.5,431.65,433.6,409.6,90617,38266743.2,8-OCT-2007,
PNB,EQ,522,535,500.6,505.55,506.35,523.75,284323,144507127.6,8-OCT-2007,
PNBGILTS,EQ,26.6,26.6,23.25,23.9,23.75,26.15,271024,6578075.3,8-OCT-2007,
PNC,EQ,82.05,82.45,76.75,78,78,80.75,5435,426598.4,8-OCT-2007,
POCHIRAJU,EQ,26.5,26.95,24.75,25.2,25.05,27.05,140011,3547468.6,8-OCT-2007,
POLARIND,BE,9.9,9.9,9.9,9.9,9.9,10,801,7929.9,8-OCT-2007,
POLARIS,EQ,123.95,123.95,115.6,117.35,117.5,121.05,954253,113982413.25,8-OCT-2007,
POLYPLEX,EQ,175.05,177.9,166.1,171.55,171,178.05,18662,3215501.55,8-OCT-2007,
PONNIERODE,EQ,36,36,33.05,33.4,33.05,35.7,9686,326556.5,8-OCT-2007,
POWERGRID,EQ,104,104,94.85,95.45,95.3,100.6,71252858,6991615510.45,8-OCT-2007,
PRAENG,EQ,315,321.85,294,300.45,299,306,35771,10955318.15,8-OCT-2007,
PRAJIND,EQ,225,233,198,205.9,205.5,227.25,1934158,401828608.65,8-OCT-2007,
PRAKASH,EQ,124.05,126.45,118,118,118,124.2,249466,29499968.65,8-OCT-2007,
PRATIBHA,EQ,252,258.85,242.1,247.15,247,256.35,15654,3884237.6,8-OCT-2007,
PRECOT,EQ,142,147,139.6,140.65,140,145.1,891,127160.35,8-OCT-2007,
PRECWIRE,EQ,140,145,135.05,142.05,142.7,143.4,5757,813468,8-OCT-2007,
PREMIER,EQ,80,80,75.2,76.2,76,79,17846,1346572.7,8-OCT-2007,
PRICOL,EQ,30.85,30.9,28.5,28.9,28.95,30,64411,1872848.75,8-OCT-2007,
PRIMESECU,EQ,98,99.7,88.1,90.5,88.65,96.25,142371,13113679.3,8-OCT-2007,
PRISMCEM,EQ,64.25,64.9,58,60.4,60.5,63.1,837748,50488809.2,8-OCT-2007,
PRITHVI,EQ,269.9,270.45,244.5,250.1,245.9,265.4,150983,38654769.55,8-OCT-2007,
PROVOGUE,EQ,955,978,940,959.9,950,948.2,7770,7387320,8-OCT-2007,
PSL,EQ,382.05,383.5,358,366.7,370.1,385.05,21144,7844539.35,8-OCT-2007,
PSTL,EQ,334,339.7,300,303.85,301.2,328.3,54750,17102588.9,8-OCT-2007,
PTC,EQ,91.25,92.2,80.7,83.15,83.1,90.85,2055779,175022499.45,8-OCT-2007,
PTL,EQ,112,112,107,109.7,110,111.45,5968,646037,8-OCT-2007,
PUNJABCHEM,EQ,130.3,130.35,127.25,128.25,128.1,134.8,941,120966.45,8-OCT-2007,
PUNJABTRAC,EQ,238,238,225,226.5,225,233.75,6084,1386423.55,8-OCT-2007,
PUNJLLOYD,EQ,326.95,326.95,299,308.8,307.05,324.1,3139133,966026243.15,8-OCT-2007,
PURVA,EQ,464.8,500,453,465.35,465.1,460.45,258109,120899385.1,8-OCT-2007,
PVR,EQ,202,205,192,195.8,193.15,200.8,20192,3956619.15,8-OCT-2007,
QUINTEGRA,EQ,108.3,111,103.05,103.1,103.1,108.45,3820,395879.1,8-OCT-2007,
RADAAN,EQ,7.5,7.8,7.2,7.35,7.3,7.5,57820,427540.55,8-OCT-2007,
RADICO,EQ,202.9,208.9,194.1,197.65,197,199.45,272246,54180550.1,8-OCT-2007,
RAINCALCIN,EQ,44,46.85,41.5,41.9,41.7,45.2,609209,25954632.6,8-OCT-2007,
RAJESHEXPO,EQ,900,909.8,850,881,874,886.5,217772,191991304.85,8-OCT-2007,
RAJRAYON,EQ,22.1,22.1,20.3,20.95,21.2,22.1,48988,1038403.05,8-OCT-2007,
RAJSREESUG,EQ,54.9,54.9,50.9,51.45,52,53.45,102797,5349216.6,8-OCT-2007,
RAJTV,EQ,230.5,236,214.6,216.05,216.9,225.7,49948,11097851.75,8-OCT-2007,
RAJVIR,EQ,178.15,189.5,176,181,181,180,622,111551.4,8-OCT-2007,
RALLIS,EQ,412,423,410,415.75,414.05,423.2,33060,13778583.35,8-OCT-2007,
RAMANEWS,EQ,30,30.2,28.5,28.95,28.7,29.9,52238,1519841.75,8-OCT-2007,
RAMCOIND,EQ,970,970,922.5,935.5,935,968.4,108,101946,8-OCT-2007,
RAMCOSYS,EQ,150,150,143.5,146.55,147.25,148.15,4012,588136.9,8-OCT-2007,
RAMSARUP,EQ,150,158.7,147.45,149.05,150,144.25,168303,25682815,8-OCT-2007,
RANASUG,EQ,17.95,18,16,16.15,16.05,17.75,1066401,17559311.25,8-OCT-2007,
RANBAXY,EQ,435.5,439.4,402.55,412.6,412.9,433.1,1294247,536961876.4,8-OCT-2007,
RANEBRAKE,EQ,163.5,165,160,164,164,165.5,647,104377.6,8-OCT-2007,
RANEHOLDIN,EQ,166.9,166.9,160,160,160,168.9,251,40462,8-OCT-2007,
RATNAMANI,EQ,980,1000,960.05,971.7,960.05,997.7,1525,1499566.3,8-OCT-2007,
RAYMOND,EQ,343.9,343.9,306,311.1,309.95,336.65,104686,33346569.95,8-OCT-2007,
RCF,EQ,60.05,60.45,52.5,54.1,54.45,59.15,1346399,74342449,8-OCT-2007,
RCOM,EQ,645,659,617.9,641.55,638.95,645.5,10501641,6703725628.3,8-OCT-2007,
REDINGTON,EQ,371,386,344,351.8,353,370.25,117174,42860162.25,8-OCT-2007,
REGENCERAM,EQ,13.05,19.2,13,15.55,15.35,16,7064,120015.95,8-OCT-2007,
REIAGRO,EQ,538.55,555,518.95,522.2,527,546.25,68941,36459167.7,8-OCT-2007,
REL,EQ,1468.95,1483.4,1317,1380.15,1371.1,1448.05,6675791,9190968865.65,8-OCT-2007,
RELCAPITAL,EQ,1708.7,1722,1581,1626.55,1628,1680,2967902,4828168944.35,8-OCT-2007,
RELIANCE,EQ,2505,2532,2385.85,2421.2,2403.8,2492.5,3736225,9106802178.75,8-OCT-2007,
REMSONSIND,BE,32.85,32.9,32.85,32.85,32.9,33.4,100,3287.5,8-OCT-2007,
RENUKA,EQ,725.1,727,675.35,699,708,723.9,477435,332075564.95,8-OCT-2007,
REPRO,EQ,96.8,96.8,86,88.05,87.9,91.75,10313,909849.55,8-OCT-2007,
REVATHI,EQ,755,779,755,773.7,760,785.95,259,199510.05,8-OCT-2007,
REVL,EQ,265,273.9,260,260.55,264,272,646,170765.15,8-OCT-2007,
RICOAUTO,EQ,36,36,34.25,34.65,34.65,35.65,219433,7652741.45,8-OCT-2007,
RIIL,EQ,1782.7,1782.7,1782.7,1782.7,1782.7,1697.8,24703,44038038.1,8-OCT-2007,
RKFORGE,BE,209,209,202.65,206.05,206.05,213.3,23820,4889242.25,8-OCT-2007,
RML,EQ,87.6,88.65,83.2,86.25,87.5,92.25,6622,565010.3,8-OCT-2007,
RNRL,EQ,94,94,80.05,81.7,80.85,89.85,50557389,4217406136.55,8-OCT-2007,
ROHITFERRO,EQ,52.6,53.1,47.5,48.55,48.05,51.45,232385,11498447.25,8-OCT-2007,
ROHLTD,EQ,148.1,149.4,145,146.05,146,148.05,2532,372011.45,8-OCT-2007,
ROLTA,EQ,580,582,548.25,557.35,556.9,574.75,546536,305784052.6,8-OCT-2007,
ROMAN,EQ,192,193.9,170,171.75,172.95,190.5,108736,19114525.05,8-OCT-2007,
RPGCABLES,EQ,45,45,42,42.55,42.8,44.8,21162,908316.75,8-OCT-2007,
RPGLS,EQ,95.2,97,92,93.6,94.45,96.35,8481,793163.35,8-OCT-2007,
RPGTLTD,EQ,255.05,269,255,260.45,260,268.95,27443,7120972.7,8-OCT-2007,
RPL,EQ,159,162.4,148,151,150.15,159.2,20503767,3126586233.2,8-OCT-2007,
RSSOFTWARE,EQ,33.8,34.45,30.55,31.15,31.4,31.55,17421,549028.45,8-OCT-2007,
RSWM,EQ,86.5,86.9,81.7,82.15,82,87.45,21922,1842654.5,8-OCT-2007,
RSYSTEMS,EQ,86.5,87,82.25,83.25,82.5,86.15,24230,2055958.3,8-OCT-2007,
RUBYMILLS,EQ,1610,1620,1595.1,1595.2,1595.2,1679,680,1088017.45,8-OCT-2007,
RUCHINFRA,EQ,35,37.9,30.5,32.6,32.75,34.2,21517,719949.1,8-OCT-2007,
RUCHIRA,BE,16.05,16.65,15.5,15.75,15.7,16.2,8536,135840.1,8-OCT-2007,
RUCHISOYA,EQ,375,376.95,353.9,359.3,360,373.15,12446,4542588.15,8-OCT-2007,
SABERORGAN,EQ,17.8,17.8,15.7,15.9,15.75,17.1,56156,909905.5,8-OCT-2007,
SADBHAV,EQ,669.95,703.9,651.7,688.3,685.1,660.55,66516,45584838.8,8-OCT-2007,
SAGCEM,EQ,182,182,164.1,169.7,170,184.05,32563,5549444.75,8-OCT-2007,
SAHPETRO,EQ,14.6,16.45,12.55,14.6,14.6,15.5,43687,642613.55,8-OCT-2007,
SAIL,EQ,206.7,206.7,191.2,192.8,191.7,203.05,6422734,1253916605.55,8-OCT-2007,
SAKHTISUG,EQ,83,83,73.5,74.05,74,81.25,360117,27121404.25,8-OCT-2007,
SAKSOFT,EQ,185,185,169,180,180,180.85,26871,4819509.15,8-OCT-2007,
SAKUMA,EQ,14.55,14.9,14,14.15,14.05,15,14398,204884.15,8-OCT-2007,
SAKUMA,P1,55.5,61,55.5,61,61,51,215,12482.5,8-OCT-2007,
SALORAINTL,EQ,186.1,191.95,175.05,182.55,183,189.75,31773,5817306.35,8-OCT-2007,
SALSTEEL,EQ,17.95,17.95,16.1,17,17,17.65,222166,3758408.8,8-OCT-2007,
SAMBHAAV,EQ,3.15,3.5,3.15,3.5,3.5,3.3,2100,6950,8-OCT-2007,
SAMTEL,BE,21.85,21.95,20.8,20.8,20.85,21.85,22394,470116.4,8-OCT-2007,
SANDESH,EQ,180,184.95,166.05,174.85,175,185.5,3386,592680.8,8-OCT-2007,
SANGAMIND,EQ,51.7,52.2,49.5,49.95,49.75,51.3,30171,1521919.4,8-OCT-2007,
SANGHIIND,EQ,81.2,86.75,78.1,82.05,82,82.05,35032,2882094.75,8-OCT-2007,
SANGHIPOLY,EQ,7.7,7.75,7.05,7.1,7.15,7.8,202845,1456303.95,8-OCT-2007,
SANGHVIMOV,EQ,194.8,194.8,175.25,184.35,182.1,190.65,8166,1500027.9,8-OCT-2007,
SANWARIA,EQ,68,68,60,60,60,66,225,14300,8-OCT-2007,
SAPL,EQ,18.25,18.85,16.85,17.1,17.2,18.25,248515,4341170.55,8-OCT-2007,
SAREGAMA,BE,296,306.9,281,303.8,305,295.65,11408,3382499,8-OCT-2007,
SARLAPOLY,EQ,116.25,116.25,115.6,115.6,115.6,121,650,75370,8-OCT-2007,
SASKEN,EQ,336.35,343,312,316,316,333.45,161028,51805797.9,8-OCT-2007,
SATHAISPAT,EQ,44,44,37,40.55,41,44.9,74910,3122714.95,8-OCT-2007,
SATYAMCOMP,EQ,445.75,465.3,445,455.5,453.4,444.8,3170941,1442335354.45,8-OCT-2007,
SAVITACHEM,EQ,265.5,268.9,259.05,263,263,270.35,2559,674862.25,8-OCT-2007,
SB&TINTL,EQ,28.35,28.5,27,27.95,28,29.25,15235,422111.95,8-OCT-2007,
SBIN,EQ,1885,1888,1755,1781.9,1786,1856.05,1342881,2411109751.9,8-OCT-2007,
SCI,EQ,205.25,223,199.2,203.1,202,217.55,271290,55864450.15,8-OCT-2007,
SEAMECLTD,EQ,200,200,181.15,185.4,186.5,197.3,65296,12335730.35,8-OCT-2007,
SELAN,EQ,142,144,127.55,136.75,135.95,141,121162,16206631.95,8-OCT-2007,
SELMCL,EQ,104.1,108,95.1,96.3,95.25,106.05,129103,12892365.85,8-OCT-2007,
SESAGOA,EQ,2869,2888,2600,2700.5,2695,2814.8,181393,492528362.9,8-OCT-2007,
SESHAPAPER,EQ,160,165,160,165,165,168,745,121075.45,8-OCT-2007,
SGFL,BE,95,95,92.8,94,94,97.65,481,45014,8-OCT-2007,
SGL,EQ,27,27,24.5,25.05,24.95,25.9,54355,1386995.25,8-OCT-2007,
SHAHALLOYS,EQ,63.05,63.65,59.6,60.45,60.4,63.05,27951,1711029.25,8-OCT-2007,
SHANTIGEAR,EQ,73.95,73.95,69.1,70.4,70.5,73.4,25276,1786105.7,8-OCT-2007,
SHARRESLTD,EQ,324.95,328,265,275.95,274.75,302.05,15592,4579958.85,8-OCT-2007,
SHASUNCHEM,EQ,89.45,89.45,80,80.65,81.15,84.15,136003,11053120,8-OCT-2007,
SHIV-VANI,EQ,368,368.5,333.3,339.3,333.3,362.95,53582,18547810.6,8-OCT-2007,
SHIVAMAUTO,EQ,90,90.95,86.1,90.15,90,92.5,9104,816530.45,8-OCT-2007,
SHIVTEX,EQ,33.15,33.55,31.1,31.75,31.75,33.95,4437,146162.35,8-OCT-2007,
SHOPERSTOP,EQ,515,519.9,485,491.15,494,506.55,992,492974.25,8-OCT-2007,
SHREEASHTA,EQ,409,410.75,409,409.9,409.35,406.35,17226,7056353.55,8-OCT-2007,
SHREECEM,EQ,1654,1664,1550,1598.45,1580.1,1654.3,16056,25642291.75,8-OCT-2007,
SHREERAMA,BE,6.65,6.65,6,6.05,6.05,6.3,165268,1011686,8-OCT-2007,
SHRENUJ,EQ,45.05,49.9,45.05,46.55,47,48.4,21026,1002604.8,8-OCT-2007,
SHREYANIND,EQ,39,39,38.7,38.7,38.7,40.7,601,23313.7,8-OCT-2007,
SHREYAS,EQ,96,96,91.5,92.85,92,94.05,6219,576953.45,8-OCT-2007,
SHRINGAR,EQ,60,61.1,56.75,57.95,57.3,61,59233,3451152.55,8-OCT-2007,
SHRIRAMCIT,EQ,318,318,270,271.5,270,290.25,1299,354820.95,8-OCT-2007,
SHYAMTEL,EQ,92.7,92.7,84.1,84.8,85.25,90.6,44125,3816571.3,8-OCT-2007,
SICAL,EQ,226.1,231.8,217.5,223.8,223.8,233,56775,12837613.45,8-OCT-2007,
SIEMENS,EQ,1424,1450,1335,1361.25,1355,1424.25,277576,382150096.8,8-OCT-2007,
SIGROUPIND,BE,48,48,47,47.75,47.9,49.1,3181,149929.5,8-OCT-2007,
SIL,BE,60.5,60.5,58.1,58.15,58.1,61.15,5817,339903.4,8-OCT-2007,
SILINV,EQ,81.8,85,81.65,83.3,85,84.7,1353,111900,8-OCT-2007,
SIMBHSUGAR,BE,40.5,42,39.7,40.3,40,41.75,9876,403404.6,8-OCT-2007,
SIMPLEX,EQ,276.1,281,265.65,270.05,270.25,281.65,8116,2198958.45,8-OCT-2007,
SIMPLEXINF,EQ,457,463.05,452,457.2,456.1,455.2,70592,32486933.8,8-OCT-2007,
SINTEX,EQ,374.7,379,362,369.7,369.8,368.7,555669,205574037.65,8-OCT-2007,
SIRPAPER,EQ,76.25,77.5,75.55,77.15,77,77.9,7773,594750.55,8-OCT-2007,
SIYSIL,EQ,124,124,120,120.15,120.15,130,422,51460.4,8-OCT-2007,
SKFINDIA,EQ,385.5,391.3,375.5,384.8,385,385.05,29397,11266652.5,8-OCT-2007,
SKMEGGPROD,EQ,18.6,18.6,17.05,17.5,17.65,17.75,6628,114608.7,8-OCT-2007,
SKUMARSYNF,EQ,115.9,115.9,107.05,111.7,112.7,115.05,415849,45836975.2,8-OCT-2007,
SMSPHARMA,EQ,271,275,265.1,269,269.3,276.25,21688,5843220.3,8-OCT-2007,
SMZSCHEM,BE,4.6,4.6,4.45,4.45,4.45,4.65,3020,13514,8-OCT-2007,
SOBHA,EQ,890,900,875,892.75,891.15,891.85,101517,89867004.7,8-OCT-2007,
SOFTPRO,BE,137,137,125.55,128.3,136.5,132.15,35579,4500037.9,8-OCT-2007,
SOFTSOLINT,BE,140,140,132.9,134.1,134,138.55,1991,269175.35,8-OCT-2007,
SOFTTECHGR,BE,20,20,20,20,20,21,275,5500,8-OCT-2007,
SOLAREX,EQ,214,219,208,214.05,217.8,216.5,7003,1482950.95,8-OCT-2007,
SOMANYCERA,EQ,57.1,59,57,58.55,58.5,62.5,980,56619.5,8-OCT-2007,
SOMATEX,EQ,28.5,29.65,28,28.3,28.1,28.05,23033,664200.05,8-OCT-2007,
SONASTEER,EQ,48,48,44.05,44.8,44.6,46.75,95065,4305591.7,8-OCT-2007,
SONATSOFTW,EQ,47.8,48.95,45,45.7,46.2,47.1,106217,4844314.9,8-OCT-2007,
SOUTHBANK,EQ,171,175,161.1,166.55,165.9,172,184347,30527251.75,8-OCT-2007,
SPARC,EQ,79.4,79.4,75,75.7,75.8,77.75,233837,17740560.75,8-OCT-2007,
SPENTEX,EQ,35.25,36.15,31.05,31.8,31.9,35.25,223864,7287733.85,8-OCT-2007,
SPIC,BE,24,24.35,23.65,23.65,23.65,24.85,220645,5226655.5,8-OCT-2007,
SPLIL,EQ,23.7,23.85,22,22.35,22.25,23.05,19036,425837.95,8-OCT-2007,
SPSL,EQ,459.9,459.9,427.5,432.1,429.95,450,103416,44655830.45,8-OCT-2007,
SREINTFIN,EQ,115.4,116.65,108,109.3,108,113.9,195196,21506671.45,8-OCT-2007,
SRF,EQ,145.95,147,136.5,137.75,136.5,144.35,442760,62534161.45,8-OCT-2007,
SRGINFOTEC,BE,1.55,1.55,1.55,1.55,1.55,1.6,28510,44190.5,8-OCT-2007,
SRHHLINDST,BE,6.3,6.35,6.3,6.35,6.35,6.6,202,1280.2,8-OCT-2007,
SRHHYPOLTD,EQ,24.9,24.9,24,24,24,25.1,1235,30230,8-OCT-2007,
SRIADIKARI,EQ,24,24,20.65,21.3,21.25,23.5,264796,5726109.25,8-OCT-2007,
SRTRANSFIN,EQ,198.6,201,190.6,194.4,192,200,28309,5565439.65,8-OCT-2007,
SSWL,EQ,161.75,165,159.05,161.45,162.9,164.95,749,121361.9,8-OCT-2007,
STAR,EQ,270.7,270.7,255.25,258.25,257.9,269.7,15667,4090077.4,8-OCT-2007,
STARPAPER,EQ,32.25,33,31.3,32.3,33,32.45,10464,334491.2,8-OCT-2007,
STCINDIA,EQ,404.4,404.4,380.1,403.4,404.4,385.1,171035,67925934.85,8-OCT-2007,
STEELTUBES,BE,6.95,7,6.65,6.65,6.65,7,26452,178912.55,8-OCT-2007,
STER,EQ,772,772,723.85,739.15,748,761.9,760759,565602316.95,8-OCT-2007,
STERLINBIO,EQ,163.95,163.95,159.1,159.85,159.75,162.8,441352,70715323.05,8-OCT-2007,
STERTOOLS,EQ,67,70.95,67,69.1,69.1,70.9,501,34470.5,8-OCT-2007,
STINDIA,EQ,21.2,21.2,20.15,20.15,20.15,21.3,1200,24654.75,8-OCT-2007,
STROPTICAL,EQ,228,231,213,215.9,216,227.85,121736,26534290.65,8-OCT-2007,
SUBEX,EQ,429,429,400.2,410.05,410,417.25,64676,26402778.25,8-OCT-2007,
SUBHASPROJ,EQ,268,271.95,255,261.45,261,266.25,30871,8081923.7,8-OCT-2007,
SUBROS,EQ,220,220,215,215.4,215.4,218.05,7371,1599053.7,8-OCT-2007,
SUDARSCHEM,EQ,94,99,94,96.5,99,95,400,38600,8-OCT-2007,
SUNDARMFIN,EQ,447.3,450,437.2,441.25,437.2,452.85,4406,1946347.5,8-OCT-2007,
SUNDRMBRAK,EQ,421,422,415,422,422,425.8,42,17534.05,8-OCT-2007,
SUNDRMCLAY,EQ,774.1,774.1,726.05,727.35,726.2,742.7,1680,1240449.9,8-OCT-2007,
SUNDRMFAST,EQ,52,52,49.5,49.95,50,50.15,72637,3635841.3,8-OCT-2007,
SUNFLAG,EQ,30.5,30.5,26.5,26.7,26.75,29.4,1496108,41222237.5,8-OCT-2007,
SUNILHITEC,EQ,230,240,221.15,236.35,236.15,229.55,67454,15758417.5,8-OCT-2007,
SUNPHARMA,EQ,964.2,964.2,930.1,944.8,944.55,956.65,214826,202660273.95,8-OCT-2007,
SUNTV,EQ,318.5,323,294.5,296.5,299,317.85,443887,133311293.8,8-OCT-2007,
SUPERSPIN,EQ,16.6,17.5,16.1,16.4,16.4,17.2,43419,715692.35,8-OCT-2007,
SUPPETRO,EQ,30.45,30.45,27.2,27.35,27.45,29.55,104782,2916236.1,8-OCT-2007,
SUPRAJIT,EQ,132,132,125,129.15,130.45,131,3316,425378.8,8-OCT-2007,
SUPREMEIND,EQ,254.4,255,240,246.35,247.95,241.65,35524,8731691.7,8-OCT-2007,
SUPREMYARN,EQ,36.6,36.7,35.3,35.45,35.45,36.15,17100,615622.15,8-OCT-2007,
SURAJDIAMN,EQ,53.6,55.45,51.6,52.75,52.8,54.65,97474,5143919.25,8-OCT-2007,
SURANAIND,EQ,170,183.45,170,174.6,173.25,166.75,41101,7311708.85,8-OCT-2007,
SURANATELE,EQ,33,34.15,31.05,32.3,32.15,33.45,72141,2311860.3,8-OCT-2007,
SURYAJYOTI,EQ,87.9,87.9,77.9,80.1,80,84.85,14088,1147476.95,8-OCT-2007,
SURYALAXMI,EQ,42.65,42.7,41.55,41.6,42,43.3,4463,186999.8,8-OCT-2007,
SURYAPHARM,EQ,102.2,102.2,93.5,95,94.55,101.65,75862,7290594.95,8-OCT-2007,
SURYAROSNI,EQ,55.7,56.8,52.25,53.05,53,55.95,37208,1993557.1,8-OCT-2007,
SUTLEJTEX,EQ,130.05,145,130.05,139.95,141.9,142.8,1621,233543.5,8-OCT-2007,
SUVEN,EQ,34.95,34.95,32.9,33.05,33.05,34.25,44858,1495004.75,8-OCT-2007,
SUZLON,EQ,1738,1738,1627.6,1648.5,1640,1649.9,1387732,2289383323.65,8-OCT-2007,
SWARAJENG,EQ,177.9,177.9,171,172.5,172,175,3926,679190.8,8-OCT-2007,
SWARAJMAZD,EQ,307.9,307.9,295.5,302,302,304.5,110,33022.85,8-OCT-2007,
SYNDIBANK,EQ,83,86.8,79.8,81.15,81,86.5,1495541,123594668.4,8-OCT-2007,
TAINWALCHM,EQ,12.2,13.75,12.2,13,13,12.95,2785,36724.05,8-OCT-2007,
TAJGVK,EQ,138.95,143,137.5,141.65,142,137.7,258211,36270773.75,8-OCT-2007,
TAKE,EQ,1165,1165,1012.2,1051.65,1042.25,1119.7,57873,61267333.15,8-OCT-2007,
TALBROAUTO,EQ,61.25,61.25,59.5,59.7,59.7,60.5,11997,720943.25,8-OCT-2007,
TANLA,EQ,639.7,639.7,595.85,596.9,596,627.2,25749,15435020.45,8-OCT-2007,
TATACHEM,EQ,310.95,311.9,295.2,303.25,304,310.95,422611,127793716.95,8-OCT-2007,
TATACOFFEE,EQ,255.4,274,246.25,251.6,250.05,261.1,12065,3052769.45,8-OCT-2007,
TATAELXSI,EQ,309.9,309.9,294,295.6,295,307.15,10294,3072209.9,8-OCT-2007,
TATAINVEST,EQ,589,589.1,580,583.8,584.65,587.65,17443,10156815.1,8-OCT-2007,
TATAMETALI,EQ,178.5,184,160.8,168.25,169,177.45,337347,58923615.5,8-OCT-2007,
TATAMOTORS,EQ,780.15,787,745,764.35,757.9,779.05,2919078,2246306419.85,8-OCT-2007,
TATAPOWER,EQ,949.8,965.25,875,902.5,897.85,944.15,792465,716019527.5,8-OCT-2007,
TATASPONGE,EQ,238,265.9,213.5,220.4,220.5,232.6,797607,188491630,8-OCT-2007,
TATASTEEL,EQ,837.9,848.75,775,789.55,786.5,834,2625055,2093073527.2,8-OCT-2007,
TATATEA,EQ,815.35,855,815.35,841.1,835,843.05,231378,191825322.55,8-OCT-2007,
TCI,EQ,120.05,122.7,111,113.35,113,118.2,31230,3521175.6,8-OCT-2007,
TCIFINANCE,BE,23,23.05,22.8,23,22.8,24,3628,83464,8-OCT-2007,
TCS,EQ,1081.05,1098.8,1062.2,1078.35,1075.05,1072.8,665536,719779440.5,8-OCT-2007,
TECHM,EQ,1302,1330,1285.1,1299.75,1300,1304.45,191456,249089160.15,8-OCT-2007,
TECHNOELEC,EQ,127,147.5,125.1,135.2,135,125.7,97315,13172992.9,8-OCT-2007,
TELEDATAIN,EQ,56.5,57,53,55.2,55,55.9,1408861,76639652,8-OCT-2007,
TEXMACOLTD,EQ,1136.1,1136.1,1090,1100.3,1100,1135.2,1433,1587989.7,8-OCT-2007,
TFCILTD,EQ,31.55,31.55,30,30,30,31.55,119367,3596278.15,8-OCT-2007,
TFL,EQ,27.95,27.95,26.05,26.5,26.35,27.75,5947,157407,8-OCT-2007,
THEMISMED,EQ,163,163,160.1,160.1,160.1,161.1,76,12170.5,8-OCT-2007,
THERMAX,EQ,715,729.95,687,710,725,725.25,86942,60694824.8,8-OCT-2007,
THIRUSUGAR,EQ,103,103,99.65,99.95,100,103.15,1111,112288.9,8-OCT-2007,
THOMASCOOK,EQ,62.5,62.5,59.65,60.5,60.5,61.1,17467,1055535,8-OCT-2007,
TIDEWATER,BE,3387,3499.95,3387,3397.45,3387,3564.35,53,181245.9,8-OCT-2007,
TIIL,EQ,72,73,69.5,70,70.2,72.3,12527,887724.45,8-OCT-2007,
TIL,EQ,298,298.9,284,290,290,297.7,2696,785561.3,8-OCT-2007,
TIMESGTY,EQ,20.95,21,20.95,21,21,22,3250,68235,8-OCT-2007,
TIMETECHNO,EQ,670,671,601.2,609.5,609.7,659.25,55481,34824696.25,8-OCT-2007,
TIMKEN,EQ,128,128,121.15,122.5,121.15,128,6988,867072,8-OCT-2007,
TINPLATE,EQ,58.45,59,52,53.2,52.9,57.25,212450,11952618.4,8-OCT-2007,
TIPSINDLTD,EQ,73.35,75,64.4,68.1,68,71.55,119146,8113882.45,8-OCT-2007,
TIRUMALCHM,EQ,170,170,165,165.1,165.1,169.45,3483,579974.2,8-OCT-2007,
TITAN,EQ,1461,1498,1411,1447.15,1437,1462.55,164117,236742614.5,8-OCT-2007,
TNPETRO,BE,17.8,18.8,17.65,17.7,17.65,18.55,60407,1086209.55,8-OCT-2007,
TNPL,EQ,94,103,94,99.75,100,102.4,119925,11929826.85,8-OCT-2007,
TNTELE,BE,13.1,13.1,12.7,12.8,12.9,13.35,1742,22293.4,8-OCT-2007,
TODAYS,EQ,94,94,87.2,89.2,90,91.75,54923,4878650.35,8-OCT-2007,
TOKYOPLAST,EQ,14.6,16,13.95,14.1,14,15.5,13762,197824.95,8-OCT-2007,
TORNTPHARM,EQ,181.4,188.65,181.4,183.05,183.05,183.4,84024,15482128.85,8-OCT-2007,
TORNTPOWER,EQ,130.5,131.9,111.05,115.9,116,128.7,3579649,426594072.55,8-OCT-2007,
TRENT,EQ,570.5,573.95,548,550.35,550.9,571.25,18105,10068496.95,8-OCT-2007,
TRICOM,EQ,141,141.7,131,135.15,136,136.2,41391,5676469.65,8-OCT-2007,
TRIGYN,EQ,28.3,29.45,26.5,27.35,27.1,28.65,30585,846054,8-OCT-2007,
TRIVENI,EQ,106,106,89.4,92.55,91.3,104.25,4278967,405361833.85,8-OCT-2007,
TTKPRESTIG,EQ,134,135,125.1,128.35,128,133.1,7392,952783.55,8-OCT-2007,
TTL,EQ,20.35,20.5,20.1,20.3,20.35,20.75,4200,85175,8-OCT-2007,
TTML,EQ,40.95,41.2,36.25,37.35,37.35,40.55,42161390,1602204820.75,8-OCT-2007,
TUBEINVEST,EQ,61.3,61.3,54.6,55.7,55.25,58.45,109579,6156302.15,8-OCT-2007,
TULIP,EQ,863,866,805,812.45,806,860.8,26813,22136534.3,8-OCT-2007,
TV-18,EQ,900,935,900,921,919,920.65,38811,35596078.55,8-OCT-2007,
TVSELECT,EQ,43.1,43.45,41.25,41.65,41.4,43.65,23423,982136.55,8-OCT-2007,
TVSMOTOR,EQ,65.6,66.4,60.1,60.75,60.5,65.2,639786,39656824.25,8-OCT-2007,
TVSSRICHAK,EQ,101,105.95,99.1,105.95,105.95,106,1494,152233.55,8-OCT-2007,
TVTODAY,EQ,155.45,163,146.1,156.3,155.25,153.85,506819,78064317.95,8-OCT-2007,
UCALFUEL,EQ,83.35,85.8,80.7,81.05,81.2,84.15,10991,898700.9,8-OCT-2007,
UCOBANK,EQ,44,44,38.2,39.05,38.9,43.35,5403712,215189777.7,8-OCT-2007,
UFLEX,EQ,176,176,163.45,166.85,166.8,175.25,34173,5785643.55,8-OCT-2007,
ULTRACEMCO,EQ,1075,1087.95,1018,1037.2,1032.55,1085.75,26048,26955081.1,8-OCT-2007,
UMITL,BE,6.1,6.25,6,6.25,6.25,6.15,12150,73708.75,8-OCT-2007,
UNICHEMLAB,EQ,223.4,225.55,215.1,220.45,220,223.4,107291,23605421.5,8-OCT-2007,
UNIENTER,BE,47.5,50.5,47.5,50.15,50.5,49.6,5857,289188,8-OCT-2007,
UNIONBANK,EQ,165.5,168.9,150.3,153.2,153,161.2,733306,112885051.6,8-OCT-2007,
UNIPHOS,EQ,353.1,367.9,353.1,365.05,365,361.4,400622,144212838.05,8-OCT-2007,
UNIPLY,EQ,32.75,32.75,30.05,30.75,30.8,33.05,4386,136401.45,8-OCT-2007,
UNITECH,EQ,334,334,303.15,309.5,308.5,327.85,4955139,1548865676.25,8-OCT-2007,
UNITY,EQ,630,639,622,635.85,638,634.1,22759,14329515.5,8-OCT-2007,
UNIVCABLES,EQ,110,110,92.1,93.15,93.5,96.75,11480,1082066.15,8-OCT-2007,
UPERGANGES,EQ,73,73,66.05,67.85,68,73.3,12919,890835.75,8-OCT-2007,
US64BONDS,N1,100.95,101,100.95,101,101,101,5311,536406.15,8-OCT-2007,
USHAMART,EQ,72.9,77.25,70.5,74.5,74.85,71.45,642488,47626656.5,8-OCT-2007,
UTISUNDER,EQ,550,589.99,510.01,549,549,502.25,122,66657.11,8-OCT-2007,
UTTAMSTL,EQ,44,44.7,40,41.05,41.25,44.2,994837,41540583.3,8-OCT-2007,
UTTAMSUGAR,EQ,83,85.9,78,79.35,79.5,85.35,74736,6057968.1,8-OCT-2007,
UTVSOF,EQ,679.5,689,625,652.65,651,678.75,87472,56483349.6,8-OCT-2007,
VAIBHAVGEM,EQ,196.9,196.9,182.65,184.75,182.65,194.9,1635,307070.95,8-OCT-2007,
VAKRANSOFT,EQ,184.7,187.8,179,183.55,182,182.1,97106,17835225.8,8-OCT-2007,
VALECHAENG,EQ,198.3,198.3,180.15,189.95,191.45,197.7,23627,4417766.25,8-OCT-2007,
VARDHACRLC,EQ,7.25,7.25,6.6,7,7,7.05,159140,1094130.1,8-OCT-2007,
VARDMNPOLY,EQ,77.05,86.5,77.05,81.85,83.7,84.2,5734,472613.25,8-OCT-2007,
VARUNSHIP,EQ,71.8,74.8,69.1,70.15,69.95,70.75,883393,63058073.7,8-OCT-2007,
VDOCONAPPL,EQ,26.7,27.8,25,25.65,25.8,26.8,38666,998633.6,8-OCT-2007,
VENKEYS,EQ,171.1,177,166.1,171.9,170.05,176.2,12112,2060456.9,8-OCT-2007,
VENUSREM,EQ,525.5,525.5,501.25,508.6,510.25,525.1,7530,3813676.45,8-OCT-2007,
VESUVIUS,EQ,222,225,216,221.6,224.75,225.9,6236,1379034.35,8-OCT-2007,
VHL,EQ,227.05,241.95,227.05,233.2,233.2,234.9,222,51507.9,8-OCT-2007,
VICEROY,EQ,90,90,81.6,82.8,82.2,86,33620,2811532.15,8-OCT-2007,
VIDEOIND,EQ,370,370,355,355.15,355,367.2,39875,14208592.6,8-OCT-2007,
VIJAYABANK,EQ,64,64.65,57.8,58.45,58,63.9,1285989,76994650.5,8-OCT-2007,
VIKASHMET,EQ,21.75,21.75,19.25,19.7,19.6,21.05,195230,3959313.25,8-OCT-2007,
VIMTALABS,EQ,117.1,117.1,111.1,112.05,111.65,116.1,5208,591051.7,8-OCT-2007,
VINDHYATEL,EQ,153,154.6,150,151.9,153.5,154,12529,1909663.9,8-OCT-2007,
VINTAGE,BE,7.65,7.65,7.5,7.5,7.5,7.85,201,1507.65,8-OCT-2007,
VINYLCHEM,EQ,14.25,14.4,13.7,13.8,13.7,14.65,13647,189677.65,8-OCT-2007,
VIPIND,EQ,129.5,134,125,125.05,125,132,23546,2998619.65,8-OCT-2007,
VISAKAIND,EQ,83.65,84.9,79,80.15,81.35,84.15,19052,1548466.95,8-OCT-2007,
VISASTEEL,EQ,37.85,38.3,32.9,33.9,34.25,37.65,374071,13066407.95,8-OCT-2007,
VISESHINFO,EQ,27.3,28,27.05,27.2,27.15,28.05,39833,1097116,8-OCT-2007,
VISHALEXPO,BE,2.5,2.5,2.35,2.35,2.4,2.45,805621,1915998.45,8-OCT-2007,
VISHALRET,EQ,754,763.5,715,735.9,740,741,117023,86252021,8-OCT-2007,
VISUINTL,EQ,15.5,15.5,13.75,13.95,13.95,15.4,383207,5478740.95,8-OCT-2007,
VIVIMEDLAB,EQ,136,138,128.75,130.05,128.75,136.05,30542,4063849,8-OCT-2007,
VLSFINANCE,EQ,25.5,27.9,23.9,23.9,23.9,26.55,137759,3372692.15,8-OCT-2007,
VOLTAMP,EQ,1209.8,1240.95,1115,1126.1,1120.1,1188.8,38653,44826281.15,8-OCT-2007,
VOLTAS,EQ,169.75,169.75,158,161.35,160.9,165.95,2138187,350138412.8,8-OCT-2007,
VSNL,EQ,455,468,447,460,459.5,450.3,468548,214144759.1,8-OCT-2007,
VSTIND,EQ,341,350,333.65,341.05,341,341,5449,1871378.35,8-OCT-2007,
VTL,EQ,164.75,164.75,146.6,147.1,146.75,159.8,7464,1135113.05,8-OCT-2007,
WALCHANNAG,EQ,4800,4970,4425,4477.6,4435,4887.35,34190,157965736.25,8-OCT-2007,
WANBURY,EQ,133,134.4,130,131.15,131,136,140304,18482480.95,8-OCT-2007,
WEBELSOLAR,EQ,490,499,467.5,470.95,474,475.05,17807,8465766.55,8-OCT-2007,
WEIZMANIND,BE,35.2,38.45,35.2,36,36,37.05,5020,177574,8-OCT-2007,
WELGUJ,EQ,315,321,292.05,299.6,293.55,312.55,2601358,789531980.6,8-OCT-2007,
WELSPUNIND,EQ,65.45,67,64.25,65.25,64.65,68.35,15821,1032863.9,8-OCT-2007,
WENDT,EQ,728,728,728,728,728,778,6,4368,8-OCT-2007,
WHEELS,EQ,207.25,224.9,207.25,219.7,219.75,215.3,248,53121.35,8-OCT-2007,
WILLAMAGOR,EQ,40.1,41.1,39.7,39.75,39.75,41.85,6827,275144.9,8-OCT-2007,
WINDSOR,BE,20.5,20.5,20.5,20.5,20.5,21.55,500,10250,8-OCT-2007,
WINSOMYARN,EQ,14.2,14.9,14.05,14.35,14.35,15.15,17412,249897.25,8-OCT-2007,
WIPRO,EQ,465,471.15,455,469.5,469.2,460.15,1483283,690173004.8,8-OCT-2007,
WOCKPHARMA,EQ,424.95,424.95,401.05,406.65,407,417.95,41113,16867809.45,8-OCT-2007,
WSI,BE,85,88,82.65,82.65,82.65,87,4695,390110.5,8-OCT-2007,
WSTCSTPAPR,EQ,447.05,447.05,419,423.05,423.05,434.7,2531,1080497.75,8-OCT-2007,
WWIL,EQ,41.95,42.6,39.05,39.25,39.3,41.95,456178,18245250.6,8-OCT-2007,
WYETH,EQ,500,500,477,479.45,479,482.75,4417,2115568.35,8-OCT-2007,
XLTL,EQ,219,225,206,214,215,216.4,241440,52045436.3,8-OCT-2007,
XPROINDIA,EQ,36.55,36.55,35.4,35.55,35.4,37.05,4961,178240.3,8-OCT-2007,
YESBANK,EQ,200,201.7,182,185.85,186,198.95,1039802,196053526.75,8-OCT-2007,
ZANDUPHARM,EQ,4620,4620,4525,4574.3,4600,4611.35,342,1554542.35,8-OCT-2007,
ZEEL,EQ,325.05,344.8,309.05,315,313.5,334.45,856594,273692094.1,8-OCT-2007,
ZEENEWS,EQ,61.9,63,57.5,58.15,58,61.05,613442,36429353.5,8-OCT-2007,
ZENITHBIR,EQ,39,39,35.1,35.5,35.45,38.25,28708,1040734.5,8-OCT-2007,
ZENITHCOMP,EQ,46,46.25,44.1,44.4,44.1,46.35,6238,281937.35,8-OCT-2007,
ZENITHINFO,EQ,411.55,425,374.7,411.3,412,425.9,5117,2060297.85,8-OCT-2007,
ZENSARTECH,EQ,193.1,193.5,184,185.8,185.5,192.9,20558,3844798.3,8-OCT-2007,
ZICOM,EQ,185,185,174,175.85,174.45,179.05,6379,1129275.2,8-OCT-2007,
ZODIACLOTH,EQ,425,425,405,419,419,427.4,2704,1146861,8-OCT-2007,
ZODJRDMKJ,EQ,29.15,29.5,29.15,29.5,29.5,30.25,360,10566,8-OCT-2007,
ZUARIAGRO,EQ,269.9,269.9,211.05,242.2,241,263.1,46371,11453908.85,8-OCT-2007,
ZYLOG,EQ,400,400,367,368.7,370,393.05,84709,31840293.85,8-OCT-2007,
