SYMBOL,SERIES,OPEN,HIGH,LOW,CLOSE,LAST,PREVCLOSE,TOTTRDQTY,TOTTRDVAL,TIMESTAMP,
21STCENMGM,BE,6,6,5.1,5.2,5.1,6,4900,26290,11-OCT-2000,
AARTIIND,EQ,37.75,37.75,37.7,37.7,37.75,37,400,15095,11-OCT-2000,
ABB,EQ,202,202,195,195.75,195.95,198.85,8390,1652873.1,11-OCT-2000,
ABBALPO,EQ,15.7,16,15.65,15.8,15.8,16,1450,22882.5,11-OCT-2000,
ABBOTTLAB,EQ,305,305,266.95,266.95,266.95,290.15,1279,349644.5,11-OCT-2000,
ABSIND,EQ,28,28,28,28,28,28.6,300,8400,11-OCT-2000,
ACC,EQ,87.7,89.7,87.1,88.45,88.3,89,867791,76637127.35,11-OCT-2000,
ADANIEXPO,EQ,625,650,621,639.15,640,654.6,21340,13357379.5,11-OCT-2000,
ADITYAINTL,EQ,74,74,74,74,74,74,1000,74000,11-OCT-2000,
ADVANIORLI,EQ,13.85,13.85,13.8,13.85,13.8,13.85,200,2766.5,11-OCT-2000,
AFTEKINFO,BE,999,1018,900,972.85,989.45,1016.05,4476,4284377.8,11-OCT-2000,
AGREVOIND,EQ,194.15,197,194,197,197,197.05,210,40976.5,11-OCT-2000,
AGRODUTCH,EQ,62,62.85,60,60.65,60,64.55,1650,101060,11-OCT-2000,
AHMEDELEC,EQ,39.75,39.75,39.5,39.5,39.5,39,475,18803.75,11-OCT-2000,
AJANTPHARM,EQ,125,125,123,125,125,125.1,3456,431988,11-OCT-2000,
AKARLAMIN,EQ,3.8,3.8,3.8,3.8,3.8,2.9,200,760,11-OCT-2000,
AKSHOPTFBR,EQ,68,74,68,70.65,71,70.55,9011,640436.15,11-OCT-2000,
ALEMBICLTD,EQ,156.8,156.8,145,152.3,151,148.75,1837,278450.05,11-OCT-2000,
ALFALAVAL,EQ,160,160,156.25,157,156.25,158.9,285,45029.25,11-OCT-2000,
ALKYLAMINE,EQ,17.6,17.6,17.1,17.1,17.1,18.5,174,3025.4,11-OCT-2000,
ALOKTEXT,EQ,17.1,17.8,17.1,17.55,17.8,17.4,28000,488399,11-OCT-2000,
ALPICFIN,EQ,37.2,37.25,35.9,36.25,36.25,37.25,2300,83820,11-OCT-2000,
ALPSINDUS,EQ,167,170,165,168.65,170,173,5600,939945,11-OCT-2000,
AMARAJABAT,EQ,88.1,90,85.25,89.05,90,91.45,26844,2361828.15,11-OCT-2000,
AMBASARABH,EQ,8.7,8.7,8,8,8,7.65,101,808.7,11-OCT-2000,
AMERICADRY,EQ,5.1,5.55,5.1,5.55,5.55,5.7,200,1065,11-OCT-2000,
AMFORGEIND,EQ,4.15,6.4,4.15,6.4,6.4,4.95,2,10.55,11-OCT-2000,
AMTEKAUTO,EQ,115,119.2,111,119.2,119.2,110.35,60700,7164915,11-OCT-2000,
AMTREXAPPL,EQ,15.35,15.35,15.3,15.3,15.3,16.5,400,6130,11-OCT-2000,
ANDHRAPET,EQ,3,3.05,3,3.05,3.05,3,1600,4825,11-OCT-2000,
ANDHRSUGAR,EQ,19.5,20,19.5,19.6,19.6,19.7,900,17690,11-OCT-2000,
ANDRAVALLY,EQ,52.95,52.95,51.5,51.55,51.5,53.1,210,10967.5,11-OCT-2000,
ANSALPROP,EQ,9.3,9.3,9.3,9.3,9.3,9.5,100,930,11-OCT-2000,
ANTGRAPHIC,EQ,7.5,8.6,7.5,8.55,8.55,7.8,601,4928.6,11-OCT-2000,
APCOTEXLAT,EQ,16,16,16,16,16,15.75,150,2400,11-OCT-2000,
APOLLOHOSP,EQ,221,229.95,218.25,226.6,229.95,225.85,13524,3028696.4,11-OCT-2000,
APOLLOTYRE,EQ,73.05,74.45,72.85,74.05,74.3,72.85,17037,1250874.65,11-OCT-2000,
APOWERTOOL,EQ,3,3,2.35,2.35,2.4,2.2,10751,25573,11-OCT-2000,
APPAPER,EQ,690,690,690,690,690,739,10,6900,11-OCT-2000,
APPLECREDT,EQ,10.75,10.75,10.1,10.5,10.5,11.85,11550,121485,11-OCT-2000,
APPLEIND,EQ,5.1,5.1,4.9,4.95,5,5.2,10500,52460,11-OCT-2000,
APTECH,EQ,439,442.75,415,420,420,444.35,240503,103042718.85,11-OCT-2000,
ARCHIES,BE,270,277,250,274.3,277,270.95,710,188807.5,11-OCT-2000,
ARHAMFISCL,EQ,16.55,16.55,16.55,16.55,16.55,14.75,100,1655,11-OCT-2000,
ARIHANTCRE,BE,15,15.5,14.75,15.5,15.5,14.85,5903,89532.45,11-OCT-2000,
ARVINDMILL,EQ,9,9.25,8.2,9.1,9,8.85,60080,538164.9,11-OCT-2000,
ASAHIINDIA,EQ,414.9,414.9,414.9,414.9,414.9,414.9,100,41490,11-OCT-2000,
ASHIMASYN,EQ,45.5,45.5,44.05,44.05,44.05,47.55,600,27155,11-OCT-2000,
ASHKLEYFIN,BE,26,26.5,26,26.35,26.45,25,4125,107531.25,11-OCT-2000,
ASHOKLEY,EQ,34,36,34,35.05,35,34.7,17391,605556.75,11-OCT-2000,
ASIANHOTEL,EQ,82.05,84.75,82,84.75,84.75,83.35,270,22388,11-OCT-2000,
ASIANPAINT,EQ,215.05,225,211.15,220.55,220.5,221.85,8113,1760247.5,11-OCT-2000,
ASSAMCO,EQ,25.1,26.45,25,26.45,26.45,25.15,1001,25705,11-OCT-2000,
ASTRAIDL,EQ,260,269,260,263,263,275.4,390,103064.5,11-OCT-2000,
ATCOIND,BE,65.95,65.95,62.2,64.5,64.95,66.1,9295,595987.25,11-OCT-2000,
ATLASCOPCO,EQ,81.2,86,79.6,82.55,82.55,82.55,3480,283621.4,11-OCT-2000,
ATULPROD,EQ,10,10,9.35,9.5,9.5,10.45,242,2334,11-OCT-2000,
ATVPETRO,EQ,2.5,2.75,2.5,2.75,2.75,2.5,801,2147.5,11-OCT-2000,
AUROPHARMA,EQ,392,402.9,385,388.6,389,392.9,46676,18271137.65,11-OCT-2000,
AUTORIDFIN,EQ,4.25,4.35,3.55,4.05,3.55,4.5,2300,9383,11-OCT-2000,
BAGYAMETAL,EQ,65,71,65,71,71,66.35,400,26995,11-OCT-2000,
BAJAJAUTO,EQ,310,310,298.6,307.75,308,312.05,31004,9401982.85,11-OCT-2000,
BAJAUTOFIN,EQ,28.45,29.35,28.25,29.2,29.35,29.95,3465,98866,11-OCT-2000,
BALKRISIND,EQ,25.55,25.55,25.55,25.55,25.55,27.25,50,1277.5,11-OCT-2000,
BALMLAWRIE,EQ,19,21.6,18.6,20,20,20,450,8773.5,11-OCT-2000,
BALRAMCHIN,EQ,94.7,95.95,94.6,95.25,95.95,95.05,3497,332216.7,11-OCT-2000,
BANCOPROD,EQ,27,28,26.75,28,28,28.05,500,13650,11-OCT-2000,
BANKBARODA,EQ,39.5,40.45,39.3,39.9,39.9,39.85,38802,1549721.05,11-OCT-2000,
BANKINDIA,EQ,9,9.4,8.8,9.25,9.2,8.9,45854,415199.65,11-OCT-2000,
BANKMADURA,EQ,70,71.4,68.25,68.75,68.75,70.6,2500,173705,11-OCT-2000,
BANKPUNJAB,EQ,13.5,13.95,13.5,13.8,13.8,13.75,5803,79077.75,11-OCT-2000,
BANKRAJAS,EQ,14.5,14.8,14.25,14.55,14.55,14.5,3305,47890.25,11-OCT-2000,
BARATBIJLE,EQ,93.5,93.5,93.5,93.5,93.5,99.45,35,3272.5,11-OCT-2000,
BASF,EQ,78,78.4,76.6,78.3,78.4,77.55,2050,158800.7,11-OCT-2000,
BATAINDIA,EQ,45.1,46.35,44.6,45.6,45.75,45.2,47086,2149082.55,11-OCT-2000,
BAUSCHLOMB,EQ,33,33,31,31.15,31.05,32.1,39786,1257411.45,11-OCT-2000,
BAYER,EQ,460,468.9,460,460,460,470,70,32245.5,11-OCT-2000,
BBTC,EQ,60,60,60,60,60,60,400,24000,11-OCT-2000,
BEL,EQ,45.2,46.95,45.05,45.6,45.5,46.65,46790,2149696.4,11-OCT-2000,
BELCERAMIC,EQ,5.05,5.35,5.05,5.35,5.35,5,1501,7580.35,11-OCT-2000,
BELCONTROL,EQ,9.95,9.95,9.95,9.95,9.95,8.3,50,497.5,11-OCT-2000,
BEML,EQ,15,15.2,14.9,15,14.95,14.8,8100,121595.65,11-OCT-2000,
BERGEPAINT,EQ,96.95,96.95,94.5,95,95,95.1,5465,518701.25,11-OCT-2000,
BFLSOFTWAR,BE,445.05,445.05,420,425.05,425.05,449.25,855,362255.6,11-OCT-2000,
BGFL,BE,24.5,24.5,24.5,24.5,24.5,24.05,90,2205,11-OCT-2000,
BHARATFORG,EQ,91,96.95,91,94.75,94.75,94.95,3753,353693.65,11-OCT-2000,
BHARATGEAR,EQ,12.25,13.45,12.25,13.25,13.25,13.75,1050,13720,11-OCT-2000,
BHARATHOT,EQ,33,33,31.1,31.1,31.1,33.75,266,8380.2,11-OCT-2000,
BHEL,EQ,99,101.8,98.3,100.95,101,99.9,201828,20234753.3,11-OCT-2000,
BHUSANSTL,EQ,24.05,26.25,23,23,23,25,1604,37628.95,11-OCT-2000,
BIL,EQ,53.5,56,53.45,53.55,56,53.2,520,27844.5,11-OCT-2000,
BILT,EQ,59.5,59.5,57.2,58.65,58.5,58.15,41784,2434547.7,11-OCT-2000,
BIMETBRG,EQ,117.1,117.1,117.1,117.1,117.1,117,50,5855,11-OCT-2000,
BINANIZINC,EQ,30.75,31,28.5,31,31,29.55,3300,100152.5,11-OCT-2000,
BINDALAGRO,EQ,9.45,9.45,8.55,9.2,9.2,9.5,2860,26123,11-OCT-2000,
BIOFILCHEM,EQ,4.6,5,4.6,5,5,4.8,1502,7454.6,11-OCT-2000,
BIRLA3M,EQ,536,540,529,540,540,536.25,724,386802,11-OCT-2000,
BIRLAERIC,EQ,46.85,47,42,42.85,42.6,44.5,14255,623792.25,11-OCT-2000,
BIRLAJUTE,EQ,15.15,15.45,14.15,15.45,15.45,15.25,1750,26322.5,11-OCT-2000,
BIRLAYAMAH,EQ,20,20,20,20,20,21.05,50,1000,11-OCT-2000,
BIRLCENFIN,EQ,7,7.1,7,7.1,7.1,6.55,200,1410,11-OCT-2000,
BISHNATTEA,EQ,31.5,31.5,31.5,31.5,31.5,29.5,100,3150,11-OCT-2000,
BLBLIMITED,EQ,27.9,28.9,27.9,28.5,28.5,28.45,28001,798428.9,11-OCT-2000,
BLOWPLAST,EQ,18.5,18.8,18.5,18.8,18.8,18.05,300,5580,11-OCT-2000,
BLUEDART,EQ,257,265,255,255,255,262.15,1261,325754,11-OCT-2000,
BLUESTARCO,BE,30.5,31.9,28.6,29.5,28.6,30.2,2049,61574.4,11-OCT-2000,
BLUESTINFO,BE,117.8,117.9,117.8,117.9,117.9,127.85,25,2945.5,11-OCT-2000,
BOMDYEING,EQ,108.9,114,100,106.05,106.8,102.85,228937,24953350.9,11-OCT-2000,
BONGAIREFN,EQ,5.45,5.65,5.4,5.6,5.65,5.4,7100,38666.3,11-OCT-2000,
BOOTSPHARM,EQ,295,298.8,293.15,297.55,298.7,295.45,1765,523988.5,11-OCT-2000,
BPCL,EQ,147,152.85,147,151.1,151.7,148.15,125313,18803509.7,11-OCT-2000,
BPL,EQ,139,141,136,136.5,136,139.3,101286,13976270,11-OCT-2000,
BPLENGG,EQ,8.3,8.7,8.2,8.7,8.7,8.2,2378,19964.1,11-OCT-2000,
BPLREFRIG,EQ,5.5,5.5,4,4.3,4.3,3.9,706,2882.4,11-OCT-2000,
BPLSANTECH,EQ,5.3,5.3,5.15,5.2,5.2,5.15,5101,26520.3,11-OCT-2000,
BPLSANUTIL,EQ,7.85,7.85,7,7.75,7.75,6.1,1051,7705.35,11-OCT-2000,
BRITANNIA,EQ,710,716.2,676,698.85,700,698.15,24049,16730939.6,11-OCT-2000,
BSES,EQ,220,222,213.25,220.05,219.6,219.7,40906,8922186,11-OCT-2000,
BSL,EQ,19.5,19.5,19.5,19.5,19.5,19.8,100,1950,11-OCT-2000,
BURRWELCOM,EQ,272.25,281.8,272.05,277.6,277.25,273.55,4190,1153202,11-OCT-2000,
CABOTINDIA,EQ,70.5,70.5,70,70,70,70.5,600,42015,11-OCT-2000,
CADBURY,EQ,578,595,576,589.3,589.4,589.3,5226,3060278.55,11-OCT-2000,
CADILAHC,EQ,123.5,126.25,122.55,123.2,123.3,124.7,12980,1609119.65,11-OCT-2000,
CALSOFT,EQ,82,82,75,80,82,79.25,1400,110400,11-OCT-2000,
CAMPALLIED,EQ,16.5,16.5,16.5,16.5,16.5,16.15,500,8250,11-OCT-2000,
CANFINHOME,EQ,15.25,16.25,15.1,16.25,16.25,16.1,5100,80420,11-OCT-2000,
CAPRIHANS,EQ,13.5,13.5,13.5,13.5,13.5,13,700,9450,11-OCT-2000,
CARBEVFLOW,EQ,17,17.1,17,17.1,17.1,17.05,1203,20471,11-OCT-2000,
CARBORUNIV,EQ,103.5,103.5,102,102,102,104.55,367,37609,11-OCT-2000,
CARRIERAIR,EQ,86,87.05,84,86.7,86.75,87,8961,768129,11-OCT-2000,
CASTROL,EQ,230,232,220,220.65,220,236.2,40914,9128847.1,11-OCT-2000,
CAUVERSOFT,BE,5.8,5.85,5.1,5.5,5.5,5.15,7077,37897.85,11-OCT-2000,
CCI,EQ,5.25,5.25,5.25,5.25,5.25,5.7,200,1050,11-OCT-2000,
CDRMEDICAL,EQ,10,10,10,10,10,12,100,1000,11-OCT-2000,
CEAT,EQ,26,26,25,25.85,25.8,25.25,3290,83150.8,11-OCT-2000,
CEATFIN,EQ,8.8,8.8,8.3,8.3,8.3,8.1,101,838.8,11-OCT-2000,
CENTAKCHEM,EQ,115,117.7,115,117.7,117.7,109,2,232.7,11-OCT-2000,
CENTENKA,EQ,29.5,30.4,28.5,29.2,29.75,29.75,2681,78668,11-OCT-2000,
CENTURION,EQ,15.5,15.5,14.5,14.5,14.5,14.6,25225,369576,11-OCT-2000,
CENTURYTEX,EQ,27,27.35,26.3,26.75,26.75,26.9,27035,723556.5,11-OCT-2000,
CESC,EQ,20.2,20.25,19,20,20,19.05,1101,21452.5,11-OCT-2000,
CGIGARSH,EQ,28,30.8,28,29.65,29.65,29.25,1600,46115,11-OCT-2000,
CHAMBLFERT,BE,11.7,11.7,11.4,11.65,11.65,11.65,63805,739072.25,11-OCT-2000,
CHEMNODRUG,BE,401.1,410,400,406.75,406.75,419.3,500,202161.1,11-OCT-2000,
CHEMPLAST,EQ,15,15.75,15,15.75,15.75,15,10875,167803.75,11-OCT-2000,
CHENNPETRO,EQ,23.5,24,21.5,21.8,22.15,23.35,90569,2018598.9,11-OCT-2000,
CHETNADCEM,EQ,33.05,35,33.05,34,34,34,6390,222246.75,11-OCT-2000,
CHICAGPNUM,EQ,53.75,53.75,53.75,53.75,53.75,55,100,5375,11-OCT-2000,
CHLORIDIND,EQ,91,91,85.25,90,90,92.05,1875,168515.25,11-OCT-2000,
CHOLAINV,EQ,29.2,29.4,29.05,29.15,29.05,31.25,5035,147294.25,11-OCT-2000,
CHOWGULSTM,EQ,6.3,6.4,6.3,6.4,6.4,6.35,326,2056.4,11-OCT-2000,
CIBASPEC,EQ,89.25,89.25,86,86.3,86,90,1723,149735.95,11-OCT-2000,
CINEVISTA,EQ,148,150.85,141.1,148.3,148.15,149.65,17257,2532385.75,11-OCT-2000,
CIPLA,EQ,802.2,820,775,779.65,779,828.25,275574,219249320.25,11-OCT-2000,
CITICORSEC,BE,154,154,138.3,144.75,143.3,152.05,17174,2451590.2,11-OCT-2000,
CITURGIBIO,EQ,48.5,48.5,44.2,44.55,44.55,48,1170,52831,11-OCT-2000,
CLARIANT,EQ,113.1,115.7,111,112.05,112,114.25,515,57984.5,11-OCT-2000,
CMC,EQ,191,203.95,191,195.35,197.7,198,5008,983664.3,11-OCT-2000,
COATESIND,EQ,126.1,126.1,125.5,125.5,125.5,128.3,101,12686.6,11-OCT-2000,
COATVIYELA,EQ,11.5,11.5,11.05,11.25,11.25,11.3,3801,42773.7,11-OCT-2000,
COCHINREFN,EQ,79.5,79.5,76.55,78.5,78.55,77.9,9904,769717,11-OCT-2000,
COLGATE,EQ,155.95,155.95,150.5,152.7,153,153.6,26202,3982806.1,11-OCT-2000,
COLORCHEM,EQ,87.85,87.85,80.9,81.2,81.5,821.35,1285,104615.25,11-OCT-2000,
COMPUTECH,EQ,44.9,45.1,42.05,42.45,42.65,45.05,261921,11304828.3,11-OCT-2000,
CONCOR,BE,118,125.5,118,125.5,125.5,118.5,140,16820,11-OCT-2000,
CONTNLCONS,EQ,5,5,5,5,5,5,2000,10000,11-OCT-2000,
COREPARENT,EQ,13.15,13.2,13.15,13.2,13.2,13.5,105,1385.75,11-OCT-2000,
CORPBANK,EQ,64,64.9,60.1,62.2,62.45,63.55,24707,1571617.3,11-OCT-2000,
COSMOFILMS,EQ,24,24,23.05,23.05,23.05,24.15,442,10443.1,11-OCT-2000,
CRESTCOMM,EQ,227.8,229.95,217.65,220.75,221.5,231.05,63626,14144263.7,11-OCT-2000,
CRISIL,EQ,180,194.8,180,190,190,186.35,613,115655.45,11-OCT-2000,
CROMPGREAV,EQ,20.9,21.9,20.9,21.5,21.9,21.6,22627,482773.45,11-OCT-2000,
CUB,EQ,14.25,18.5,14.25,18.5,18.5,19,101,1864.25,11-OCT-2000,
CYBERSPACE,BE,182.9,182.9,168.1,169.9,168.1,175.5,111425,19066037.5,11-OCT-2000,
CYBERTECH,BE,80,82.95,75,76.4,75.1,80.35,11885,924979.05,11-OCT-2000,
DABUR,EQ,595,619.9,576.15,593,589.95,596.55,10977,6519161.95,11-OCT-2000,
DALMIACEM,EQ,150,150,140,140,140,145,52,7300,11-OCT-2000,
DCLPOLY,EQ,3.9,4,3.85,4,4,3.9,3256,12745.8,11-OCT-2000,
DCM,EQ,9.7,10,9.5,9.5,9.5,9,4050,39590,11-OCT-2000,
DCMDAEWOO,EQ,10.9,10.9,10.5,10.85,10.65,11.2,3900,42158.25,11-OCT-2000,
DCMFINSERV,EQ,5.5,5.5,5.5,5.5,5.5,5.5,300,1650,11-OCT-2000,
DCMSRMCONS,EQ,44,44,42.3,43.45,44,44.3,310,13470,11-OCT-2000,
DCW,EQ,5.5,5.5,4,4,4,3.9,3101,12405.5,11-OCT-2000,
DECCANCEM,EQ,16,16,15.95,15.95,15.95,16,1150,18350,11-OCT-2000,
DEEPAKFERT,EQ,13,13.95,13,13.95,13.95,13.85,1550,21114,11-OCT-2000,
DEEPAKNITR,EQ,36,38,34,37.65,37.65,36.05,215,7566.5,11-OCT-2000,
DENABANK,EQ,8.55,8.75,8,8.7,8.7,8.75,5100,42730,11-OCT-2000,
DHAMPURSUG,EQ,17.75,17.75,16,16,16,16.05,275,4531.25,11-OCT-2000,
DHARSUGAR,EQ,5.15,5.15,5.15,5.15,5.15,5.25,100,515,11-OCT-2000,
DIGITALEQP,AE,444,444,437,437,437,460,500,218675,11-OCT-2000,
DIGITALEQP,EQ,446,453.9,427,439,440.35,458.35,1759854,778311533.85,11-OCT-2000,
DLFCEMENT,EQ,5.4,5.5,5.2,5.45,5.5,5.45,6402,34445.5,11-OCT-2000,
DRBECK,EQ,47.05,47.05,47.05,47.05,47.05,47,4,188.2,11-OCT-2000,
DRIND,BE,6.8,6.8,6.8,6.8,6.8,6.5,5,34,11-OCT-2000,
DRREDDY,EQ,1302.2,1338,1241.2,1312.2,1315.2,1348.5,111911,147797477.6,11-OCT-2000,
DUNCANSIND,EQ,13.15,19,13.15,18,18,17.5,500,8715,11-OCT-2000,
DYNAMATECH,EQ,32.3,32.3,29,29,29,30,1050,31800,11-OCT-2000,
EASTSILK,EQ,12,12,12,12,12,11.5,100,1200,11-OCT-2000,
EICHERLTD,EQ,14.25,15.45,14.1,15.25,15.25,15.45,1370,20397.5,11-OCT-2000,
EICHERMOT,EQ,25.2,25.2,23.1,23.5,23.5,23.7,2391,56017.95,11-OCT-2000,
EIDERTELE,BE,73.6,82,67.2,75,75,80,241,16732.2,11-OCT-2000,
EIDPARRY,EQ,60,64,59.05,62.6,62.1,63.8,16382,988699,11-OCT-2000,
EIHOTEL,EQ,163,172,163,168.15,166.55,166.65,9925,1658804.5,11-OCT-2000,
ELDERPHARM,EQ,47.75,49.1,46.1,47.65,47.65,45.55,3252,154160.4,11-OCT-2000,
ELECTCAST,BE,179,184,179,181.15,181.15,180.5,914,165858.1,11-OCT-2000,
ELGIEQUIP,EQ,15.7,15.7,14.7,14.85,14.7,14.55,11972,179894.6,11-OCT-2000,
EMCOTRANS,EQ,62.6,62.65,61,61,61,62.05,425,26325,11-OCT-2000,
EMERCK,EQ,340,340,332,333.05,333,336.45,1508,504079.05,11-OCT-2000,
ENGINERSIN,EQ,120,120,112.65,112.75,112.75,122.4,5514,630801.65,11-OCT-2000,
ENKTEXFOOD,EQ,5.6,6.5,5.45,5.55,5.75,5.6,22600,134040,11-OCT-2000,
ESABINDIA,EQ,46.5,47,46,46,46,46.65,922,42661.85,11-OCT-2000,
ESCORTS,EQ,81.05,81.05,78.85,79.25,79.45,80.8,13403,1068607.25,11-OCT-2000,
ESCORTSFIN,EQ,7.05,7.5,7.05,7.5,7.5,7,500,3675,11-OCT-2000,
ESSARGUJ,BE,6.2,6.5,6,6.4,6.45,6.2,15305,97338.7,11-OCT-2000,
ESSAROIL,EQ,8.05,8.05,7.9,7.9,7.9,8,2950,23505,11-OCT-2000,
ESSARSHIP,EQ,6.5,6.5,6,6.25,6.2,6.35,25665,163088.25,11-OCT-2000,
ESSELPACK,EQ,370,372,354,365.4,366.9,370.2,10527,3814369.9,11-OCT-2000,
ETERNEVRST,EQ,20,20,19,19,19,20,1250,23800,11-OCT-2000,
EUPHARMLAB,EQ,7.2,7.5,7,7.5,7.5,7,6300,45185,11-OCT-2000,
EUROSOFTAL,EQ,8.8,9.1,8.5,8.65,8.65,9.1,13162,114112.35,11-OCT-2000,
EUROTEXIND,EQ,9.4,9.4,9.4,9.4,9.4,10.25,300,2820,11-OCT-2000,
EXCELIND,BE,77,84,77,82,82,77.9,980,80320,11-OCT-2000,
FAGPRECISN,EQ,31.35,34.95,31.35,34.35,34.35,33.6,2102,71275.55,11-OCT-2000,
FDC,EQ,229.7,229.7,220,223.65,227,220.75,350,78592.5,11-OCT-2000,
FEDDERLOYD,EQ,4.5,4.5,4.45,4.45,4.45,4.5,300,1345,11-OCT-2000,
FEDERALBNK,BE,37.55,38.45,36.75,37.4,37.3,37.95,15494,579079.05,11-OCT-2000,
FINCABLES,EQ,222.05,227,215,226.95,227,224.75,3142,694347.95,11-OCT-2000,
FINPIPE,EQ,11.7,12.9,11.7,12.6,12.55,11.85,13874,171706.4,11-OCT-2000,
FIRSTLEASE,EQ,16,16.4,16,16.4,16.4,16,750,12100,11-OCT-2000,
FLEX,EQ,15,15,14.25,14.7,14.7,15.1,2620,38659.5,11-OCT-2000,
FLEXCHEM,EQ,80.1,80.1,76,76.2,76,82.3,4595,353538,11-OCT-2000,
FLOATGLASS,EQ,7,7,7,7,7,7.15,2000,14000,11-OCT-2000,
FUJITSICIM,EQ,139.05,142,135,138.35,139.2,140.2,14950,2063774.05,11-OCT-2000,
FULFORD,EQ,162,166,162,162.5,163,158.45,1075,175543.25,11-OCT-2000,
GABRIEL,EQ,33,33,33,33,33,35.8,100,3300,11-OCT-2000,
GAIL,BE,42.5,43.5,42,42.8,42.85,43.35,3685,157060.15,11-OCT-2000,
GALPOWTEL,EQ,8.2,8.35,8.1,8.3,8.25,8.15,2500,20625,11-OCT-2000,
GAMMONIND,EQ,101,101,101,101,101,105,100,10100,11-OCT-2000,
GANESHBENZ,EQ,7.65,7.65,6.95,6.95,7.15,7,6755,47613.15,11-OCT-2000,
GANGOTEX,EQ,22,22,22,22,22,23,100,2200,11-OCT-2000,
GARDENSILK,EQ,7.35,7.35,6.85,7,7,6.8,8161,56807.85,11-OCT-2000,
GARWALLROP,EQ,11.5,12.35,11.5,12,12,11.55,1016,11942.35,11-OCT-2000,
GARWARPOLY,EQ,6,6,4.85,4.95,5,4.8,1104,5430.55,11-OCT-2000,
GEOMETRIC,EQ,265.9,270,265.9,265.9,265.9,289,6684,1777915.35,11-OCT-2000,
GEORGFISCH,EQ,72,72,72,72,72,77.2,100,7200,11-OCT-2000,
GEORGWILIM,EQ,68,68,68,68,68,66,150,10200,11-OCT-2000,
GERMANREM,EQ,481.55,481.55,458.3,475.9,478.9,481.3,1692,802935.8,11-OCT-2000,
GESCOCORP,EQ,16.3,17,15.5,16,16.1,17,32336,519635.75,11-OCT-2000,
GESHIPPING,EQ,27,27,24.2,25.5,25.7,25.95,352820,9105452.4,11-OCT-2000,
GHCL,EQ,8.85,8.85,8.85,8.85,8.85,8.5,200,1770,11-OCT-2000,
GICHSGFIN,EQ,9.5,9.5,9.5,9.5,9.5,9.7,3100,29450,11-OCT-2000,
GINNIFILA,EQ,6.5,6.5,4.75,4.9,4.9,5.3,1600,8210,11-OCT-2000,
GIPCL,EQ,19.5,20.1,19.45,19.9,19.9,19.8,7725,153745,11-OCT-2000,
GLAXO,EQ,438.65,440,428,431.3,432.9,438.35,18830,8177592.05,11-OCT-2000,
GLENMARK,EQ,253,255,251.5,252.4,252,260.35,815,205695.7,11-OCT-2000,
GLOBABOARD,EQ,1.8,1.8,1.8,1.8,1.8,1.7,300,540,11-OCT-2000,
GLOBALTELE,AE,1040,1065,1007.25,1031.7,1027,1073.75,3134,3251078.25,11-OCT-2000,
GLOBALTELE,BE,1081,1081,1070,1070,1070,1055,80000,86370000,11-OCT-2000,
GLOBALTELE,EQ,1032.65,1068,1005,1032.6,1030.5,1072.4,6436071,6683994269.1,11-OCT-2000,
GLOBLTRUST,BE,58.5,60,57.05,58.3,59.95,59.65,21605,1262040,11-OCT-2000,
GMDCLTD,EQ,30,30,29.1,29.1,29.1,29.4,1200,35120,11-OCT-2000,
GMRVASAVI,EQ,11.6,11.6,11.5,11.5,11.5,13.9,100,1155,11-OCT-2000,
GNFC,EQ,22.4,23.3,21.8,22.6,22.5,22.6,97668,2199423.95,11-OCT-2000,
GODAVRFERT,EQ,6.55,6.8,6.55,6.7,6.7,6.8,2500,16665,11-OCT-2000,
GODFRYPHLP,EQ,355,373.7,355,373.7,373.7,346,243,89608.6,11-OCT-2000,
GODREJFOOD,EQ,11.65,11.7,11.1,11.1,11.1,11.25,276,3109.15,11-OCT-2000,
GODREJSOP,EQ,42,43.1,41.7,42.1,41.95,42.6,44469,1887322.75,11-OCT-2000,
GOETZEIND,EQ,18.5,19,18.05,19,19,18.9,917,16840.5,11-OCT-2000,
GOLDTECHNO,EQ,114.05,115,107,110.25,110.95,115.35,129691,14463103.6,11-OCT-2000,
GONTERPEIP,EQ,17.5,17.5,16.6,17.5,17.5,14,25,428.35,11-OCT-2000,
GOODLASNER,EQ,120,120,117.85,117.9,117.9,116.25,485,57425,11-OCT-2000,
GOODRICKE,EQ,40.5,42.4,40,42.4,42.4,42,280,11470,11-OCT-2000,
GOODYEAR,EQ,58.05,58.05,49.5,53,53,53.75,171,9161.55,11-OCT-2000,
GRAMOPHONE,EQ,595,599,560,579.7,580,605.85,30076,17464559.6,11-OCT-2000,
GRAPHIT,EQ,22,22,22,22,22,22.5,1,22,11-OCT-2000,
GRASIM,EQ,171.1,178.95,171,172.5,173,178.9,131360,22896326.1,11-OCT-2000,
GREAVES,EQ,8.3,8.3,8.3,8.3,8.3,8.25,25,207.5,11-OCT-2000,
GSFC,EQ,20.8,21.75,20.8,21.75,21.75,21.55,1461,31324.25,11-OCT-2000,
GUJALKALI,EQ,12,12,11.5,11.5,11.5,11.25,1179,13658.5,11-OCT-2000,
GUJAMBCEM,EQ,141,146.35,140,144.6,145,140.2,213194,30547789.85,11-OCT-2000,
GUJBOROSIL,EQ,2,2.25,1.9,2.25,2.25,2,1100,2175,11-OCT-2000,
GUJFLUORO,EQ,60,60,60,60,60,59.3,100,6000,11-OCT-2000,
GUJRATGAS,EQ,610,618,525.1,538.15,537,623.65,36241,20839423.25,11-OCT-2000,
GUJSIDHCEM,EQ,4.25,4.6,4.25,4.5,4.5,4.45,4101,18309.6,11-OCT-2000,
GUJTHEMIS,EQ,5.05,6.65,5,6.65,6.65,6,1000,6285,11-OCT-2000,
HARRMALAYA,EQ,12,12.05,12,12.05,12.05,12,250,3010,11-OCT-2000,
HCL-INSYS,EQ,277,277.5,264.55,268.55,268.3,283.4,369465,100153912.8,11-OCT-2000,
HCLTECH,EQ,969.95,969.95,881.1,889.8,893,986.6,194777,182227941.1,11-OCT-2000,
HDFC,EQ,450,455,440.05,448.6,450,455.95,27083,12133465.5,11-OCT-2000,
HDFCBANK,EQ,235.9,239,229.25,236.65,237.1,239.05,152700,35697779.05,11-OCT-2000,
HEG,EQ,32.5,32.6,31.8,32,31.8,31.95,6952,223592.5,11-OCT-2000,
HERDILCHEM,EQ,13.5,13.5,13.5,13.5,13.5,14.5,100,1350,11-OCT-2000,
HERITGFOOD,EQ,15.25,15.25,14.6,14.9,14.75,15.5,13000,191960,11-OCT-2000,
HEROHONDA,EQ,900,901,870,886.75,888.5,915.3,10775,9506516.45,11-OCT-2000,
HIMACHLFUT,AE,1161,1170,1068.7,1085.65,1070,1222,4977,5613179.5,11-OCT-2000,
HIMACHLFUT,BE,1148,1150,1148,1150,1150,1241,2,2298,11-OCT-2000,
HIMACHLFUT,EQ,1179.65,1184.9,1074,1086.45,1078,1217.4,5525152,6219095014.4,11-OCT-2000,
HIMATSEIDE,EQ,147,150,147,148,148,145.25,760,112420,11-OCT-2000,
HINDALC0,EQ,825,825,800,809.95,809.95,815.05,10645,8593796.2,11-OCT-2000,
HINDCONS,EQ,34,36.25,34,36.15,36.2,35.5,3575,127622.5,11-OCT-2000,
HINDINKS,EQ,620,620,600,620,620,629.95,332,201246.5,11-OCT-2000,
HINDLEVCHM,EQ,155,158.6,151.2,156.85,158.6,156.7,4485,692374.3,11-OCT-2000,
HINDLEVER,AE,188.5,191,186,186.75,186.75,192.5,2100,392512.5,11-OCT-2000,
HINDLEVER,EQ,188.8,192.5,185.25,189.7,190.05,191.3,1718456,325143026.35,11-OCT-2000,
HINDMOTOR,EQ,5.5,6,5.5,5.7,5.7,5.9,14582,84334,11-OCT-2000,
HINDOILEXP,EQ,11.5,11.5,11.05,11.3,11.3,11.8,3260,36720,11-OCT-2000,
HINDPETRO,EQ,103.05,103.05,100.2,100.7,101,103.85,160540,16299372.6,11-OCT-2000,
HINDSANIT,EQ,169,169,150.55,150.55,150.55,160,536,81774.5,11-OCT-2000,
HINDSPG,EQ,1.5,1.5,1.5,1.5,1.5,1.4,100,150,11-OCT-2000,
HINDSYNTEX,EQ,10.15,11.4,10,11,11,9.15,1003,10128.8,11-OCT-2000,
HINDUJAFIN,EQ,175,183,157.5,170.9,170.15,181.9,70756,12057975.7,11-OCT-2000,
HINDZINC,EQ,10,10.1,9.9,10,10.05,10,216951,2162707.4,11-OCT-2000,
HINPOWPLUS,EQ,16.3,16.3,16.3,16.3,16.3,16,10,163,11-OCT-2000,
HITECDRIL,BE,28.5,29.95,28.5,29.5,29.5,29.5,4900,144020,11-OCT-2000,
HMT,EQ,6.5,6.95,6.5,6.5,6.5,6.65,450,2992.5,11-OCT-2000,
HOCL,EQ,5.9,6.05,5.8,5.95,6.05,5.8,5000,29520,11-OCT-2000,
HOECHST,EQ,415.1,428.85,412.5,425,425,421.05,2750,1158395.95,11-OCT-2000,
HOGANAS,EQ,79.5,79.9,75,77.7,77.7,80.95,370,28054,11-OCT-2000,
HOTELEELA,EQ,21,22.7,21,22.05,22.05,22,6550,144492.5,11-OCT-2000,
HOTLINGLAS,EQ,2.25,2.5,2.25,2.45,2.45,2.6,1600,3825,11-OCT-2000,
HUGHESSOFT,EQ,902,950,871.15,922.25,925,975.05,87099,79763573.85,11-OCT-2000,
HYDRBADIND,EQ,21,21,21,21,21,19.05,100,2100,11-OCT-2000,
IBP,EQ,145,148.5,141.7,143.45,145,143.8,5272,759514.55,11-OCT-2000,
ICI,EQ,66.9,69.4,66.75,67.65,67.3,67.05,3127,210962.95,11-OCT-2000,
ICICI,EQ,77.95,78.9,75,75.9,76.25,79.35,529518,40567300.4,11-OCT-2000,
ICICIBANK,EQ,110,117.5,110,115,115,109.5,123240,14093514.45,11-OCT-2000,
IDBI,EQ,35,35.3,34.25,35,35.15,34.95,57365,2003005.75,11-OCT-2000,
IDBIBANK,EQ,22.85,23.15,22.15,22.25,22.25,22.9,27509,622315.6,11-OCT-2000,
IFBIND,EQ,7.6,7.8,7.5,7.5,7.5,8.15,6620,50201,11-OCT-2000,
IFCI,EQ,5.9,6.05,5.5,5.75,5.75,5.9,43200,247250.85,11-OCT-2000,
IFCI,N1,20000,20000,19990,20000,20000,19829,10,199980,11-OCT-2000,
IFCI,N2,9925.05,9925.05,9925.05,9925.05,9925.05,9933.05,1,9925.05,11-OCT-2000,
IGPETRO,EQ,7.5,7.5,7.4,7.45,7.45,7.45,3600,26905,11-OCT-2000,
INDAL,EQ,91.9,91.9,88.25,90.95,91.5,90.25,4196,376857,11-OCT-2000,
INDHOTEL,EQ,205,205.9,193.7,196.7,197.5,207.6,18544,3705977.25,11-OCT-2000,
INDIACEM,EQ,37.4,37.9,36.8,37.35,37.9,37.1,86402,3225802.7,11-OCT-2000,
INDIAGLYCO,EQ,22.25,22.55,21.75,22.2,22.25,21.55,6200,137309.9,11-OCT-2000,
INDIANACRY,EQ,2.8,2.8,2.8,2.8,2.8,2.55,200,560,11-OCT-2000,
INDIANCARD,EQ,36,36,36,36,36,36,1419,51084,11-OCT-2000,
INDIANORG,EQ,10,10,10,10,10,12,200,2000,11-OCT-2000,
INDIAPHOTO,EQ,346,360,346,351.6,351.1,350.45,2946,1037921.65,11-OCT-2000,
INDIASEC,EQ,4.4,4.4,4.4,4.4,4.4,3.8,1,4.4,11-OCT-2000,
INDLMETER,EQ,111,117,111,117,117,146,500,57200,11-OCT-2000,
INDOCOUNT,BE,7.2,7.2,7.2,7.2,7.2,7.6,30,216,11-OCT-2000,
INDOGULF,EQ,32.05,33.25,32.05,32.65,32.55,32.55,82298,2689578.4,11-OCT-2000,
INDORAMSYN,BE,7.75,8.3,7.75,8.05,8.05,7.85,3000,23905,11-OCT-2000,
INDRAMEDCO,EQ,19.5,19.5,18.5,18.5,18.5,18.75,6000,113115,11-OCT-2000,
INDRAYON,EQ,60,60.1,58.5,59,59,60.05,3418,201103.45,11-OCT-2000,
INDSHAVING,EQ,655.1,674,642.1,670,660.6,666.5,5946,3916384.1,11-OCT-2000,
INDSWFTLAB,EQ,26.1,26.1,24.5,24.6,24.5,25.5,4900,124505,11-OCT-2000,
INDUSINDBK,BE,16.7,16.7,15.6,16.25,16.25,16.55,15100,242407.5,11-OCT-2000,
INDYESTUF,EQ,5.7,5.7,5.7,5.7,5.7,5,10,57,11-OCT-2000,
INFARINDIA,EQ,157.9,157.9,157,157,157,153.1,150,23595,11-OCT-2000,
INFOSYSTCH,AE,7100,7284,6771.5,6807.15,6790,7321.95,1149,7874100.7,11-OCT-2000,
INFOSYSTCH,EQ,7100,7149,6785,6814.45,6805.5,7340.85,1011487,7011376211.85,11-OCT-2000,
INFOTECENT,EQ,272,280,263,270.7,269,282.1,10703,2899299.75,11-OCT-2000,
INGERRAND,EQ,144.45,146,141,145.7,145.7,142.55,4247,610367.25,11-OCT-2000,
INSILCO,EQ,22.9,23.95,22.75,23.2,23.35,23.1,10430,240247,11-OCT-2000,
INVESTCORP,EQ,98.2,98.25,98,98.25,98.25,92,100,9817.5,11-OCT-2000,
IOC,EQ,123.5,124.9,121.25,124.05,124,124.2,6606,815111.65,11-OCT-2000,
IOL,EQ,22,22,21.5,21.5,21.5,22.65,4660,100265,11-OCT-2000,
IONEXCHANG,EQ,21.85,21.85,21,21,21,19.4,251,5279.35,11-OCT-2000,
IPCALAB,EQ,101,103.95,101,102.65,102.85,101.7,7161,732298.4,11-OCT-2000,
IPCL,EQ,51.75,52.05,49.35,49.6,49.8,52.15,341026,17250894.6,11-OCT-2000,
IPITATASPO,EQ,19.5,19.5,19.05,19.05,19.05,20,1150,22357.5,11-OCT-2000,
IPRINGS,EQ,82.5,82.5,82.5,82.5,82.5,77,3,247.5,11-OCT-2000,
ISIBARS,EQ,6.4,7.85,6.35,6.5,6.45,7.1,851,5461.6,11-OCT-2000,
ISPATPROF,EQ,1.15,2,1.15,2,2,1.75,121,140,11-OCT-2000,
ITC,EQ,715,729,704.8,720.55,723,720.1,477048,342859242,11-OCT-2000,
ITCAGRO,EQ,54,54,51.15,52.05,52.05,52.55,325,16920,11-OCT-2000,
ITCBHADRA,EQ,42,42,40,41.05,41,41.35,21680,886281.05,11-OCT-2000,
ITCHOTEL,EQ,82.95,83.9,78.1,81.95,82.5,80.35,470,38260.75,11-OCT-2000,
ITI,EQ,19.3,19.6,18.7,18.85,18.95,19.3,69900,1334324,11-OCT-2000,
ITIL,EQ,370,382,365.6,369.9,369,397.35,6439,2416201.1,11-OCT-2000,
ITWSIGNODE,BE,49,49,47,47.5,47.5,49,1520,72067.5,11-OCT-2000,
IVRCLINFRA,EQ,69,70,69,70,70,69.5,1400,96900,11-OCT-2000,
J&KBANK,EQ,29.6,30.6,29,29.95,30.6,29.3,19650,579529.25,11-OCT-2000,
JAINIRRIG,EQ,9,9,9,9,9,8.6,430,3870,11-OCT-2000,
JAINSTUDIO,BE,204.5,204.5,204.25,204.5,204.5,219.45,1665,340191.25,11-OCT-2000,
JAINSTUDIO,EQ,184.45,185,175.05,176.95,177.4,189.35,91900,16472920,11-OCT-2000,
JAIPARBOLI,EQ,6.25,6.25,6.25,6.25,6.25,7,300,1875,11-OCT-2000,
JAYBARMARU,EQ,18.25,18.25,18.25,18.25,18.25,18.4,300,5475,11-OCT-2000,
JAYPEEHOT,EQ,16,16.25,16,16.25,16.25,15.35,700,11225,11-OCT-2000,
JAYSREETEA,EQ,49.9,49.9,49.9,49.9,49.9,48.25,100,4990,11-OCT-2000,
JBCHEPHARM,EQ,102.05,102.9,102,102,102,101.75,2785,284159.9,11-OCT-2000,
JBFIND,EQ,4.25,4.25,4.25,4.25,4.25,2.9,1,4.25,11-OCT-2000,
JCT,EQ,3.95,3.95,3.65,3.9,3.9,3.8,23260,88745.85,11-OCT-2000,
JCTELEC,EQ,7.5,7.5,7.5,7.5,7.5,7.8,200,1500,11-OCT-2000,
JENSONICOL,EQ,26,26.1,26,26,26,26,750,19505,11-OCT-2000,
JFLABS,EQ,2.15,2.75,2.15,2.7,2.7,3,2500,6285,11-OCT-2000,
JINDALFOTO,EQ,30.15,30.75,28.25,30.15,30,30.35,11010,325679,11-OCT-2000,
JINDALIRON,BE,10.35,10.9,10.25,10.9,10.9,10.6,500,5200,11-OCT-2000,
JINDALSTEL,EQ,154.9,154.9,150,152.2,152.2,155.1,10162,1552535.9,11-OCT-2000,
JINDLSTRIP,BE,50,50.45,48.5,49.85,49.85,48.1,5874,290119.4,11-OCT-2000,
JINDVIJSTL,EQ,5.3,5.4,5.1,5.4,5.4,5.35,24100,127560,11-OCT-2000,
JKIND,EQ,30.25,30.45,27,27,27,28.25,175,5222.5,11-OCT-2000,
JKPHARMA,EQ,3.55,4.1,3.55,4.1,4.1,3.7,400,1585,11-OCT-2000,
JMCPROJECT,EQ,34.1,34.1,34.05,34.05,34.05,37,700,23842.5,11-OCT-2000,
JPIND,EQ,37.3,38.7,37,38,37.4,38.35,121126,4588299.25,11-OCT-2000,
JYOTISTRUC,EQ,34,35,33.05,34.65,35,34.55,2288,77841.85,11-OCT-2000,
KAJARIACER,EQ,35.7,35.75,35.65,35.7,35.7,34,600,21427.8,11-OCT-2000,
KAKATCEM,EQ,20,20,20,20,20,21.1,200,4000,11-OCT-2000,
KALECONSUL,EQ,103,106.75,99,102.25,102,105.4,162759,16690709.1,11-OCT-2000,
KALPATPOWR,EQ,30.25,30.25,30.25,30.25,30.25,31.5,400,12100,11-OCT-2000,
KALYANISHP,EQ,9,9.2,9,9.2,9.2,9.35,600,5500,11-OCT-2000,
KALYANISTL,EQ,11.15,11.4,11,11.25,11.25,11.15,1589,17790.25,11-OCT-2000,
KANORICHEM,EQ,14.55,14.55,14.55,14.55,14.55,19.35,100,1455,11-OCT-2000,
KARURVYSYA,EQ,157,161.5,157,159.95,160,159.05,3200,511797.5,11-OCT-2000,
KCP,EQ,20,20,20,20,20,20,200,4000,11-OCT-2000,
KECINTL,EQ,12.4,13.15,12.4,12.8,12.75,12.2,17311,221292.2,11-OCT-2000,
KELVINATOR,EQ,20,20.65,19.9,20.05,20,20,16100,323639.25,11-OCT-2000,
KERALACHEM,EQ,22.25,22.25,22.25,22.25,22.25,23.85,1,22.25,11-OCT-2000,
KESORAMIND,EQ,16,16,15,15.05,15,15.5,19981,304333.55,11-OCT-2000,
KINETICENG,EQ,74.45,74.45,74.45,74.45,74.45,73.5,1,74.45,11-OCT-2000,
KINHONDA,EQ,33.2,33.2,33.2,33.2,33.2,36,230,7636,11-OCT-2000,
KIRLOSFERR,EQ,3.9,3.9,3.5,3.7,3.5,3.9,893,3330.5,11-OCT-2000,
KIRLOSKCUM,EQ,335,337.5,315,316.1,316,337.55,3966,1296025.8,11-OCT-2000,
KIRLOSOIL,EQ,24,25.5,24,25.5,25.5,25.1,600,14900,11-OCT-2000,
KITPLYIND,EQ,12.8,12.8,12.8,12.8,12.8,12,200,2560,11-OCT-2000,
KLGSYSTEL,BE,117,124.8,112.2,115.35,116,119.95,5314,616860.8,11-OCT-2000,
KOPDRUGS,EQ,48.55,50,48,48.1,48.1,51.95,1325,64833.75,11-OCT-2000,
KOPRAN,EQ,80,81,79,79.8,79.5,82,8820,706763.75,11-OCT-2000,
KOTAKMAH,BE,72.75,73.5,70,71.05,70.5,73.3,10005,713401.25,11-OCT-2000,
KOTHARIPET,EQ,1.55,2.6,1.45,1.45,1.45,2,6,11.25,11-OCT-2000,
KOTHARIPRO,EQ,87,89.4,87,89,89,86.1,350,31040,11-OCT-2000,
KPIT,EQ,72.8,72.8,69,70.5,70.5,67.6,1325,92021.25,11-OCT-2000,
KREBSBIO,EQ,80.95,80.95,78.5,79.65,79.75,78.7,2412,191369.65,11-OCT-2000,
KRISHNAENG,EQ,2.5,3,2.45,3,3,2.55,800,2140,11-OCT-2000,
KRISNAFILA,BE,39.75,39.75,39.75,39.75,39.75,43.2,25,993.75,11-OCT-2000,
KRONECOMM,EQ,305,321,297.1,314.2,317.5,318.8,5199,1599309,11-OCT-2000,
KSBPUMPS,EQ,63.15,68,63.1,68,68,67,147,9508.5,11-OCT-2000,
KTKBANK,EQ,51,51.3,49.55,50.3,50.45,51.25,7300,366887.5,11-OCT-2000,
L&T,EQ,156.85,162,155,158.85,158.75,157.4,1164075,184634832.45,11-OCT-2000,
LAKME,EQ,65,65.7,64,65.2,65.5,64.95,6798,440099.6,11-OCT-2000,
LAKSHAUTO,EQ,20.2,20.3,18.65,18.65,18.65,19.7,200,3893.75,11-OCT-2000,
LAKSHMILL,EQ,208,208,206,206,206,210,115,23840,11-OCT-2000,
LAKSHVILAS,EQ,36.5,37.75,36.3,37,37,36.95,1400,51715,11-OCT-2000,
LANCOIND,EQ,4.5,4.5,4.5,4.5,4.5,4.95,500,2250,11-OCT-2000,
LANESEDA,EQ,2.4,2.4,2.4,2.4,2.4,2.45,1500,3600,11-OCT-2000,
LCCINFOTEC,BE,38.35,39.8,38.1,38.45,38.45,40.2,4600,177380,11-OCT-2000,
LEADEDSYS,EQ,401.65,418,386,393,391.1,435.15,32476,13058103.55,11-OCT-2000,
LGBROS,EQ,32,33.95,32,32,32,32.85,408,13465,11-OCT-2000,
LIBERTSHOE,EQ,62,62,62,62,62,61.45,100,6200,11-OCT-2000,
LICHSGFIN,EQ,27,27,25.95,26,26,26.85,65078,1704391.95,11-OCT-2000,
LLOYDFIN,EQ,2,2.15,2,2.15,2.15,1.85,3300,6790,11-OCT-2000,
LLOYDSTEEL,EQ,2.1,2.15,2,2.15,2.15,2,2751,5794.65,11-OCT-2000,
LML,EQ,25.7,25.7,24.65,24.9,25.1,25.15,29273,735192.35,11-OCT-2000,
LUMAXIND,EQ,32.5,33.75,32.2,33,33,35,1310,42428.5,11-OCT-2000,
LUPINCHEM,EQ,20.1,20.95,19.5,20.15,20.1,21.55,9775,197254.75,11-OCT-2000,
LUPINLAB,BE,180,185,175,177.75,176.05,178.5,2801,498905.8,11-OCT-2000,
LYKALABS,EQ,32,32.9,32,32.8,32.75,32.05,1975,64132.5,11-OCT-2000,
M&M,EQ,160,164.5,159,160.1,161.25,161.9,185489,29889598.8,11-OCT-2000,
MAARSOFTW,BE,80,81,71,72.1,71.3,82.35,48410,3586760.9,11-OCT-2000,
MADRASALMN,EQ,87.25,90,86,90,90,93.4,250,21690.25,11-OCT-2000,
MADRASCEM,EQ,3803,3907,3751.1,3907,3907,3881.55,121,463866.85,11-OCT-2000,
MAHAINTL,EQ,16.75,16.75,16,16.45,16.5,16.8,98500,1620530,11-OCT-2000,
MAHAVIRSPG,EQ,40,40,38.75,39.35,40,39.1,950,37487.5,11-OCT-2000,
MAHSCOOTER,EQ,30,30,30,30,30,30.1,190,5700,11-OCT-2000,
MAHSEAMLES,EQ,27.3,27.3,27.3,27.3,27.3,25.5,100,2730,11-OCT-2000,
MALWACOTT,EQ,32.3,32.3,32.3,32.3,32.3,31.05,20,646,11-OCT-2000,
MANALIPET,EQ,3.5,3.75,3.5,3.55,3.75,3.9,2203,7761.25,11-OCT-2000,
MANGLMCEM,EQ,8.1,8.1,8.1,8.1,8.1,8.05,25,202.5,11-OCT-2000,
MARALOVER,EQ,21.3,21.35,21.3,21.3,21.3,21.55,400,8525,11-OCT-2000,
MARICOIND,BE,263.1,263.1,260,262,262,262,305,79718.5,11-OCT-2000,
MASCOT,EQ,283,283,268,270.6,270,290.65,9902,2703268.35,11-OCT-2000,
MASTEK,EQ,2045,2200,2042,2152.6,2150,2192.1,13595,28839224.85,11-OCT-2000,
MASTERSHAR,EQ,12.85,13,12.75,12.8,12.8,12.85,201244,2580289.95,11-OCT-2000,
MATHPLATT,EQ,7.65,7.65,7.65,7.65,7.65,8.1,100,765,11-OCT-2000,
MAX,EQ,140,143,136.05,140.95,140.8,143.9,12708,1786627.85,11-OCT-2000,
MCDOWELL,EQ,78,79,76.15,77.35,77.5,78.15,24647,1914267.5,11-OCT-2000,
MEDIAVIDEO,BE,16.1,18.2,15.5,16.15,16.15,16.3,4239,70004.25,11-OCT-2000,
MEDICOTECH,EQ,24,24.1,23,23,23,22.3,1000,23487,11-OCT-2000,
MELSTAR,EQ,79.9,79.9,76,77.95,79,81.55,43205,3352741.75,11-OCT-2000,
METAZINC,EQ,2.7,2.7,2.7,2.7,2.7,2.1,1,2.7,11-OCT-2000,
METROCHEM,EQ,20,20,20,20,20,20.05,500,10000,11-OCT-2000,
MICO,EQ,3415,3419,3376,3393.75,3376,3422,50,170078,11-OCT-2000,
MILTONPLAS,EQ,16.25,16.25,16.25,16.25,16.25,16,100,1625,11-OCT-2000,
MIRCELECTR,EQ,530,530,505.25,509.9,510,542.55,9470,4849307.6,11-OCT-2000,
MIRZATAN,EQ,86,95,85.05,91.5,90,91.95,2146,189574.25,11-OCT-2000,
MONSANTO,EQ,935,980,930.1,950,950,970,295,277286,11-OCT-2000,
MORARJESPG,EQ,5.25,5.25,5.25,5.25,5.25,7,100,525,11-OCT-2000,
MOREPENHTL,EQ,191,194,180,192.85,192.85,187.95,20400,3891400,11-OCT-2000,
MOREPENLAB,BE,515,515,485,490.8,493,492.3,302346,148100273.25,11-OCT-2000,
MORGANSTAN,BE,10.95,10.95,10.75,10.75,10.75,10.9,93200,1004630.05,11-OCT-2000,
MOSERBAER,EQ,341,342,315.05,322.7,322.15,342.4,305633,99675809.85,11-OCT-2000,
MOTHERSUMI,EQ,179.85,179.85,162,178.95,178.95,169.9,580,99841.5,11-OCT-2000,
MRF,EQ,890,890,860,868.55,868.55,866.9,465,403236.9,11-OCT-2000,
MRPL,BE,8.55,8.8,8,8.65,8.7,8.6,12602,105964.9,11-OCT-2000,
MRPL,NB,41.7,41.7,41.7,41.7,41.7,40.2,500,20850,11-OCT-2000,
MTAL,EQ,12.75,12.9,12.75,12.9,12.9,13,200,2565,11-OCT-2000,
MTNL,EQ,126.8,126.95,123.6,124.85,124.75,127,1478515,185450431.6,11-OCT-2000,
MUKANDENGG,EQ,60,60,60,60,60,62.9,5,300,11-OCT-2000,
MUKTAARTS,EQ,169.9,181.75,162.25,172.95,173.1,173.5,71945,12443063.5,11-OCT-2000,
MUNJALSHOW,EQ,110,112.85,110,111.2,112.75,111.35,2450,272845,11-OCT-2000,
MURUDCERA,EQ,23.5,23.5,23.5,23.5,23.5,23.75,300,7050,11-OCT-2000,
NAGARCONST,EQ,22.1,22.7,22.05,22.7,22.7,22.95,600,13485,11-OCT-2000,
NAGARFERT,EQ,9.1,9.1,8.75,8.85,8.8,8.8,16500,145732.5,11-OCT-2000,
NAGREKAEXP,EQ,17.9,17.9,16.5,16.5,16.5,16,2,34.4,11-OCT-2000,
NAHARENTP,EQ,5.2,5.2,5.2,5.2,5.2,4.8,1,5.2,11-OCT-2000,
NAHAREXP,EQ,12.9,13.4,12.9,13.4,13.4,13.1,145,1906.75,11-OCT-2000,
NAHARINTL,EQ,3.5,3.5,3.5,3.5,3.5,3.75,500,1750,11-OCT-2000,
NAHARSPG,EQ,45.05,45.15,44,44.55,45,45.85,1026,45989,11-OCT-2000,
NAMTECHELE,EQ,7.5,8,7.5,8,8,7.75,200,1550,11-OCT-2000,
NATCOPHARM,EQ,12,12,12,12,12,13.3,400,4800,11-OCT-2000,
NATHSEEDS,EQ,31.4,32.45,31,31.55,31.6,32.2,7935,249958,11-OCT-2000,
NATIONALUM,EQ,40.45,41.25,40.05,40.7,40.5,40.5,21826,883784.7,11-OCT-2000,
NATNLSTEEL,EQ,3.55,3.55,3.5,3.5,3.5,3.3,600,2125,11-OCT-2000,
NAVBARFERO,EQ,13,13,13,13,13,13,100,1300,11-OCT-2000,
NAVNETPUBL,BE,169.9,172,156,160,160,166.35,875,143440.5,11-OCT-2000,
NEDUNGBANK,EQ,90,90,89.5,90,90,95,206,18515,11-OCT-2000,
NELCO,EQ,25.85,26.4,24.5,24.85,25,26.15,29400,737073.75,11-OCT-2000,
NEOCURTHER,EQ,3.1,3.1,2.75,2.75,2.75,2.9,4200,11845,11-OCT-2000,
NEPCTEX,EQ,2.5,2.5,2.5,2.5,2.5,2.05,500,1250,11-OCT-2000,
NESTLE,EQ,500,504.6,483.5,488.9,490,501.4,22924,11231762.5,11-OCT-2000,
NETVISTAIT,BE,15.5,16,15.5,15.95,16,16.05,2100,33440,11-OCT-2000,
NEULANDLAB,EQ,67.1,70.25,67.1,70.25,70.25,70.5,613,42834.6,11-OCT-2000,
NEYVELILIG,EQ,5.3,5.6,5.3,5.6,5.6,5.5,1600,8830,11-OCT-2000,
NICCOCORP,EQ,6,6,6,6,6,5.5,1000,6000,11-OCT-2000,
NICOLASPIR,EQ,314,314,305,310.6,309.1,311.5,2446,755253.85,11-OCT-2000,
NIIT,EQ,1275.1,1283.5,1216.6,1235.5,1236,1307.1,264956,330638129.45,11-OCT-2000,
NILKAMPLST,EQ,42.45,43.25,40.7,41.75,41.85,42.9,12808,536542.2,11-OCT-2000,
NIPPONDENR,EQ,5,5,3.5,3.7,3.7,3.7,2230,8002.35,11-OCT-2000,
NIPPONDENS,EQ,12.75,12.75,12.5,12.6,12.6,12.75,1600,20057.5,11-OCT-2000,
NIRLON,EQ,3.45,3.5,3.45,3.45,3.45,3.9,351,1215.95,11-OCT-2000,
NIRMA,EQ,814,814,750.05,775.9,775,789.4,5556,4297679.4,11-OCT-2000,
NOCIL,EQ,8.1,8.65,8.1,8.3,8.3,8.45,22925,192985.05,11-OCT-2000,
NORBTEAEXP,EQ,3.5,3.5,3.5,3.5,3.5,3.5,200,700,11-OCT-2000,
NOVARTIS,EQ,787.9,787.9,692,709.8,703.9,746.4,4709,3428594.8,11-OCT-2000,
NUCHEM,EQ,4.5,4.5,2.95,2.95,2.95,3,501,1479.5,11-OCT-2000,
OBERHOTEL,EQ,15.5,15.5,15.5,15.5,15.5,15.1,100,1550,11-OCT-2000,
OENCONNECT,EQ,209,214.85,207.1,207.4,207.1,210.4,855,179373,11-OCT-2000,
OILCOUNTUB,EQ,12,12,8.85,8.9,8.9,8.5,201,1787,11-OCT-2000,
ONGC,EQ,101.8,102.9,100.25,100.95,101,100.1,9024,913948.7,11-OCT-2000,
ORCHIDCHEM,BE,97,102.5,95.1,101.65,102,100.05,6676,675011,11-OCT-2000,
ORIENTBANK,EQ,29.7,30.1,28.55,29.3,29.25,29.75,43470,1273324.1,11-OCT-2000,
ORIENTHOT,EQ,82,83,81,83,83,82.75,114,9367,11-OCT-2000,
ORIENTINFO,EQ,178.1,183,172,174.8,174,186.65,101629,17945311.9,11-OCT-2000,
OSWALAGRO,EQ,5,5,3.75,3.85,3.85,3.75,1253,4838.15,11-OCT-2000,
OUDHSUG,EQ,13,13,12.9,12.9,12.9,12.7,400,5180,11-OCT-2000,
P&G,EQ,574,584.95,550,573.45,573.9,564.7,4937,2795461.15,11-OCT-2000,
PADMINPOLY,EQ,47.4,48.15,45.1,46.55,46.6,47.6,698686,32541733.55,11-OCT-2000,
PANACEABIO,EQ,270,270,270,270,270,272,100,27000,11-OCT-2000,
PAPERPROD,EQ,68,68,67.5,68,68,70.15,189,12802,11-OCT-2000,
PARKEDAVIS,EQ,289,289.3,283.3,285,285,290.25,616,176305.9,11-OCT-2000,
PARRYAGRO,EQ,50.5,50.9,50.5,50.9,50.9,50.15,450,22885,11-OCT-2000,
PARRYSCON,EQ,54,54,46,48,48,50,2815,133977.5,11-OCT-2000,
PASUPTACRY,EQ,2,2.2,2,2.2,2.2,2.05,5700,11530,11-OCT-2000,
PDUMJEPULP,EQ,23,25.5,23,25.5,25.5,24.5,301,6925.5,11-OCT-2000,
PEACOCKIND,EQ,6.1,8,6.1,7.6,7.55,8.05,13577,104959.9,11-OCT-2000,
PEARLPOLY,EQ,6.6,6.6,6.6,6.6,6.6,6.6,55,363,11-OCT-2000,
PEERLESHIP,EQ,56,57,52.2,53.4,53.35,56,29860,1600249.2,11-OCT-2000,
PENNARALUM,EQ,2.85,2.85,2.5,2.75,2.75,3,10600,29075,11-OCT-2000,
PENTACOMMU,BE,285,285,267,269.2,267.25,290.75,22400,6086030.35,11-OCT-2000,
PENTFRPROD,EQ,3.9,4.35,3.9,4.3,4.3,4.2,2500,10690,11-OCT-2000,
PENTSFWARE,AE,396.2,399.5,379,385,385,408.3,30339,11850030.95,11-OCT-2000,
PENTSFWARE,EQ,396,400.4,379.3,385.7,386.15,407.1,7149550,2783888597.2,11-OCT-2000,
PETRONENGG,EQ,16.25,18,16.25,16.75,16.75,17,1036,17391.5,11-OCT-2000,
PFIZER,EQ,576,576,558,559.7,559,586.5,6233,3529903.05,11-OCT-2000,
PHILCORP,EQ,14.5,14.5,12.5,13.95,13.95,13.6,862,11020.8,11-OCT-2000,
PHILIPS,EQ,84.95,85.9,81.1,83.55,83.75,81.6,693168,57873154.35,11-OCT-2000,
PHOENIXLMP,BE,7.4,7.95,7,7.95,7.95,7.5,286,2010.95,11-OCT-2000,
PHOENIXLMP,EQ,6.9,6.9,6.5,6.9,6.9,6.6,1402,9398.75,11-OCT-2000,
PIDILITIND,EQ,248.9,248.9,233,244.9,244.9,245.35,1819,435435.5,11-OCT-2000,
PNBGILTS,EQ,13.1,13.2,13,13,13,13.1,11200,145870,11-OCT-2000,
POLARIS,EQ,415,442.5,400,429.8,436,419.8,260196,111029992.15,11-OCT-2000,
POLYCHEM,EQ,11.9,11.9,7,10,10,8.85,1304,12459.55,11-OCT-2000,
POLYPLEX,BE,13.5,13.5,13.5,13.5,13.5,13.55,10,135,11-OCT-2000,
POLYPLEX,EQ,8.75,9.5,8.75,9.45,9.5,9,11700,107280,11-OCT-2000,
PRAKASH,EQ,1.55,2.4,1.55,2.4,2.4,2.25,300,550,11-OCT-2000,
PRECOTMILL,EQ,52,52,52,52,52,52,504,26208,11-OCT-2000,
PREMAUTO,EQ,14.25,14.25,14.25,14.25,14.25,9.5,1,14.25,11-OCT-2000,
PREMAUTOEL,EQ,3.6,3.6,2.45,2.45,2.45,3.25,501,1802.45,11-OCT-2000,
PRIMESEC,EQ,17.5,17.9,17.05,17.15,17.5,18.8,6249,107838.35,11-OCT-2000,
PRISMCEM,BE,5,5,4.85,4.95,4.95,5,16932,82881.9,11-OCT-2000,
PRIYADCEM,EQ,15,15.6,15,15.6,15.6,16.1,400,6175,11-OCT-2000,
PSIDATASYS,EQ,498,499,462,468.6,469.9,501,25746,12238822.6,11-OCT-2000,
PUNALKALI,EQ,6,6,6,6,6,4.45,1,6,11-OCT-2000,
PUNANDLAMP,EQ,62.9,62.9,62.9,62.9,62.9,58.2,151,9497.9,11-OCT-2000,
PUNJABTRAC,EQ,196,197.8,192,196.8,197,195.15,15482,3024638.4,11-OCT-2000,
PUNJCOMMU,EQ,68.1,69.5,63,63.75,64,72.2,30398,2010038.55,11-OCT-2000,
RADICOKHAI,EQ,17,17,16,16.5,16.5,16.1,2600,43350,11-OCT-2000,
RAINCALCIN,EQ,5.6,5.9,5.6,5.65,5.9,5.55,17406,101379,11-OCT-2000,
RAJASSPG,EQ,18,18,18,18,18,17.85,600,10800,11-OCT-2000,
RAJSREESUG,EQ,7.1,7.25,7.1,7.25,7.25,6.55,6300,44745,11-OCT-2000,
RAMANEWSPR,EQ,6.8,6.8,5.95,6.1,6.1,6.4,13597,82827.8,11-OCT-2000,
RAMCOIND,EQ,160,160,159.95,160,160,156.5,550,87997.5,11-OCT-2000,
RAMCOSYS,EQ,1000,1000,953.5,974.15,970,1036.15,3845,3736092.55,11-OCT-2000,
RANBAXY,EQ,645,654.65,632,637.8,636,658.95,280873,181172460.7,11-OCT-2000,
RASLAMIPAK,EQ,4.9,4.9,4.4,4.85,4.85,4.85,2600,12440,11-OCT-2000,
RAYMOND,EQ,92.1,93,87.75,88.55,88.7,92.6,245323,22099169.25,11-OCT-2000,
RCF,EQ,5.2,5.3,5,5.05,5.1,5.2,18781,96430.2,11-OCT-2000,
REALVALAPL,EQ,3.05,3.05,2,3,3,3,800,2275,11-OCT-2000,
RECKCOLMAN,EQ,259,259,248.3,253.65,252.75,258.95,6892,1737786.9,11-OCT-2000,
REGENCERAM,EQ,9.6,10.5,9.6,10.5,10.5,10,850,8825,11-OCT-2000,
RELCAPITAL,EQ,87,87.5,85,85.75,85.5,88.55,430311,37158460.6,11-OCT-2000,
RELIANCE,EQ,333,334.4,327.6,330.3,330.25,335.2,1941301,642351117,11-OCT-2000,
RELPETRO,EQ,53.8,55.05,52.6,54.05,54.1,54.35,1994623,107648231.7,11-OCT-2000,
RELPETRO,W3,51.9,53.45,51.5,52.85,52.9,52.55,7500,392680,11-OCT-2000,
RELPETRO,W4,49,50.8,49,50.1,50.1,49.85,13800,685060,11-OCT-2000,
RHONEPOULN,EQ,688,688,661,668.85,668.85,672.05,975,648854.95,11-OCT-2000,
ROLTA,AE,246,246,233.5,236,236,255.85,3546,849516.25,11-OCT-2000,
ROLTA,EQ,249.7,249.7,235.15,238.45,238.65,253.6,1774632,427854100,11-OCT-2000,
ROOFITIND,EQ,241.1,241.1,231.15,232.1,232.1,249.55,39725,9255808.5,11-OCT-2000,
RPGTELECOM,EQ,22,24,22,23.6,23.4,23.25,1700,38880,11-OCT-2000,
RRMEDIPHAR,EQ,9.75,9.75,9.2,9.35,9.35,9.2,800,7445,11-OCT-2000,
RSSOFTWARE,EQ,258,264,232,250.15,249.65,271.25,29414,7411217.1,11-OCT-2000,
RUBFILINTL,EQ,2.9,2.9,2.9,2.9,2.9,2.65,200,580,11-OCT-2000,
RUCHISOYA,EQ,41,43.2,40.55,42.85,43,41.4,876,37075.95,11-OCT-2000,
RUPANGIMPX,EQ,16.4,16.4,16.3,16.3,16.3,16.25,1400,22910,11-OCT-2000,
S&SPOWER,EQ,9,9,9,9,9,12,1,9,11-OCT-2000,
SABERORGAN,EQ,4.55,4.55,4.55,4.55,4.55,5.1,100,455,11-OCT-2000,
SAELTD,EQ,8.9,8.9,8.9,8.9,8.9,7.95,24,213.6,11-OCT-2000,
SAGARCEM,EQ,7,7,7,7,7,7,500,3500,11-OCT-2000,
SAIL,EQ,5.05,5.05,4.9,5,5,5,516326,2568438.9,11-OCT-2000,
SALORAINTL,EQ,85,85.15,75.6,79,79,88.05,4714,385058.6,11-OCT-2000,
SAMTEL,EQ,38,38,36.6,36.65,36.65,38.6,420,15660.5,11-OCT-2000,
SANDESH,EQ,148.05,150.95,145.6,147.85,145.6,158.25,1715,253833.25,11-OCT-2000,
SANGAMIND,EQ,14.85,14.85,14.85,14.85,14.85,14,100,1485,11-OCT-2000,
SATNAMOVER,EQ,22,22.05,22,22.05,22.05,22,1180,25962,11-OCT-2000,
SATYAMCOMP,AE,455,456.75,405.25,408.45,408,473.15,50580,21774286.85,11-OCT-2000,
SATYAMCOMP,EQ,445.1,457.85,405.6,409.9,410.25,472.1,22874385,9731406162.5,11-OCT-2000,
SAVITACHEM,EQ,34.25,35.5,34.25,35.5,35.5,35.2,500,17325,11-OCT-2000,
SAWPIPES,EQ,17.1,19.8,17.1,18.75,18.8,18.55,2250,41445,11-OCT-2000,
SB&TINTL,EQ,30.45,30.45,28,29,29,28.2,22500,652860,11-OCT-2000,
SBBJ,EQ,241,253,240,242.3,242.3,250,100,24163.75,11-OCT-2000,
SBIHOMEFIN,EQ,6.65,6.65,6.3,6.3,6.3,6.5,200,1295,11-OCT-2000,
SBIN,EQ,170.9,171.9,165.25,168.1,168.2,172,340834,57421353.4,11-OCT-2000,
SBT,EQ,200,200,200,200,200,193,5,1000,11-OCT-2000,
SCI,EQ,14,15.6,14,15.35,15.6,15.6,13651,209515.5,11-OCT-2000,
SEARCHEMIN,EQ,2.6,2.6,2.6,2.6,2.6,5.1,1,2.6,11-OCT-2000,
SEARLEIND,EQ,37.5,41,37.5,38.5,38.15,38,865,33458.75,11-OCT-2000,
SESAGOA,EQ,42,42.95,41.55,42.7,42.7,42.2,1779,75175.5,11-OCT-2000,
SHAKTIGAS,EQ,5,5.25,4.95,5,4.95,5,27901,140873.7,11-OCT-2000,
SHAMKNFAB,EQ,21.5,22.6,21.5,22.6,22.6,21,500,10860,11-OCT-2000,
SHAMKNSPIN,EQ,5.1,5.1,5.1,5.1,5.1,5.05,1100,5610,11-OCT-2000,
SHANTIGEAR,EQ,43,47.8,43,45.1,45.1,45,800,35795,11-OCT-2000,
SHASUNCHEM,EQ,77.25,82.5,77,80.15,80.4,80.85,5719,456584.2,11-OCT-2000,
SHREECEM,BE,23.5,23.5,22.5,22.65,22.5,23,600,13675,11-OCT-2000,
SHREEKRPET,EQ,12.6,13.5,11.25,13.2,11.25,12.95,3026,39158.75,11-OCT-2000,
SHREEKRPOL,EQ,9,9,6.8,7.05,7.1,7,3702,25750.95,11-OCT-2000,
SHREERAMA,EQ,60.2,60.2,55.35,55.85,56.25,60.15,25971,1457974.25,11-OCT-2000,
SHRENUJ,EQ,41,41,40.1,40.2,40.1,43.25,232,9348.2,11-OCT-2000,
SHRIRAMINV,EQ,6.05,6.05,6.05,6.05,6.05,6,1100,6655,11-OCT-2000,
SHRIYAMSEC,EQ,5.1,5.1,5.1,5.1,5.1,6.5,1,5.1,11-OCT-2000,
SHYAMTELE,EQ,235,235,216.6,219.3,219.05,239.25,288310,64306604.5,11-OCT-2000,
SICAL,EQ,17.9,17.9,16.75,16.8,16.8,16.7,660,11094,11-OCT-2000,
SIEL,EQ,4.5,4.5,4.5,4.5,4.5,4.6,400,1800,11-OCT-2000,
SIEMENS,EQ,280,282,275,277.15,276.6,281.25,7301,2029871.65,11-OCT-2000,
SIERRAOPT,EQ,261,268,256,260.5,268,272.9,3316,863353.55,11-OCT-2000,
SILTAPCHEM,EQ,130,130.5,130,130.5,130.5,140.25,212,27566,11-OCT-2000,
SILVERLINE,AE,327,329,307.45,311.7,310.75,340.25,23395,7429792.6,11-OCT-2000,
SILVERLINE,EQ,330,331.5,309.15,312.65,313.5,338.55,5456874,1736098245.15,11-OCT-2000,
SINGER,EQ,18,18,18,18,18,18,100,1800,11-OCT-2000,
SIYARSILK,EQ,41.55,41.55,41.55,41.55,41.55,44.3,100,4155,11-OCT-2000,
SKFBEARING,EQ,362,378.5,360,378.5,378.5,359.3,117,43360.5,11-OCT-2000,
SKUMARSYNF,EQ,8.5,8.75,8.1,8.15,8.4,8.3,6866,57855.85,11-OCT-2000,
SKUPOWER,EQ,8.9,8.9,8.2,8.25,8.25,8.4,7655,63734.85,11-OCT-2000,
SMDYECHEM,EQ,2.1,2.75,2.1,2.75,2.75,2.4,404,980.7,11-OCT-2000,
SMITHKLPHA,EQ,144,149,144,146.9,147.45,144.45,15918,2332549.95,11-OCT-2000,
SMITKLBECH,EQ,390,390,361,387.6,388.5,390.15,4353,1680060.65,11-OCT-2000,
SNOWCEMIND,EQ,53,53,49.5,52,52.1,51.25,750,38338.25,11-OCT-2000,
SOFTPRO,EQ,33,34.95,31.2,33.95,34.95,32.8,450,14900,11-OCT-2000,
SOFTSOLINT,EQ,2175.25,2195.9,2050,2095.85,2093,2257,714344,1512344636.25,11-OCT-2000,
SOFTTECHGR,EQ,156,160,150,157.55,160,161.5,9527,1476237,11-OCT-2000,
SONASTEER,EQ,48.1,48.1,48,48,48,48,50,2401,11-OCT-2000,
SONATSOFTW,EQ,70,70,59.9,62.2,63.25,64.85,142358,8837812.95,11-OCT-2000,
SOUNDCRAFT,EQ,552,562.5,552,559,559,562.4,8756,4890320,11-OCT-2000,
SOUTHBANK,EQ,19.6,19.6,18.25,18.7,18.7,18.3,2000,37315,11-OCT-2000,
SOUTHNHERB,EQ,16.3,16.3,15,15.1,15.15,16.1,14600,224555,11-OCT-2000,
SPECIALSTL,EQ,13.25,13.25,12,12,12,12.1,1100,13325,11-OCT-2000,
SPIC,EQ,8.3,9,8.3,8.95,9,8.85,8550,75418.75,11-OCT-2000,
SPICELEC,EQ,12.85,13,12.35,12.8,12.8,13.15,14754,186432.35,11-OCT-2000,
SPICFINE,EQ,47.75,49.5,45.1,48.95,48.5,48.6,16707,806310.95,11-OCT-2000,
SPLLTD,EQ,40,40,40,40,40,42,100,4000,11-OCT-2000,
SQRDSFWARE,AE,464.3,464.3,440.25,444.75,445.05,483,14970,6737347.75,11-OCT-2000,
SQRDSFWARE,EQ,464.95,469,439.25,446.15,447,481,6332934,2864358626.55,11-OCT-2000,
SQUAREDBIO,EQ,96.25,96.25,87.2,89.05,89.7,96.35,820470,73631647.75,11-OCT-2000,
SRF,EQ,24,24,23,23,23,24.1,3573,83079.9,11-OCT-2000,
SRGINFOTEC,BE,1.05,1.05,0.7,0.7,0.7,0.75,201,175.85,11-OCT-2000,
SRGINFOTEC,EQ,0.75,0.75,0.65,0.7,0.7,0.7,591192,405974.3,11-OCT-2000,
SRIADIKARI,BE,385,385,330,352.25,355,370.35,5791,2018750.85,11-OCT-2000,
SRICHAKTYR,EQ,29.75,29.9,29.75,29.9,29.9,29,150,4477.5,11-OCT-2000,
SRTRANSFIN,EQ,4.05,5.75,4.05,5.5,5.5,5.45,511,2793.75,11-OCT-2000,
STARPAPER,EQ,18,18.6,18,18.6,18.6,18.45,350,6450,11-OCT-2000,
STDIND,EQ,3.8,4.2,3.8,4,4,4.1,5203,20440.5,11-OCT-2000,
STEELTUBES,EQ,3,3,3,3,3,2.25,1,3,11-OCT-2000,
STERLINTEA,EQ,33,36.65,33,36.65,36.65,33.9,14300,511220,11-OCT-2000,
STERLITIND,EQ,137.5,144.8,133,140.05,140,139.9,463732,65349954.5,11-OCT-2000,
SUBHASPROJ,EQ,74.3,75.1,74.3,75.1,75.1,77,1500,112070,11-OCT-2000,
SUBROS,EQ,37.7,38.35,37.7,38.35,38.35,39,110,4153.5,11-OCT-2000,
SULZER,EQ,120,120,120,120,120,121,200,24000,11-OCT-2000,
SUNDARMFIN,EQ,104.1,104.1,104.1,104.1,104.1,100.95,100,10410,11-OCT-2000,
SUNDRMCLAY,BE,150,150,143.05,144.5,144.5,155.45,319,46371.3,11-OCT-2000,
SUNDRMFAST,EQ,358,379,352,367,367,367.1,499,181408.75,11-OCT-2000,
SUNFLAGIRN,EQ,2.5,3.65,2.5,3.5,3.5,3.8,4855,16102.5,11-OCT-2000,
SUNPHARMA,EQ,437.25,445,432,433.95,433.5,448.75,31414,13808957.2,11-OCT-2000,
SUPPETRO,EQ,10.75,10.95,10.6,10.6,10.6,10.75,8900,94540,11-OCT-2000,
SUPREMEIND,EQ,100,105,100,102.5,102.5,102.85,324,33142.6,11-OCT-2000,
SURAJDIAMN,EQ,18.25,18.25,16.25,17,17,17.85,3000,51345,11-OCT-2000,
SURYAROSNI,EQ,16.05,16.05,16.05,16.05,16.05,16.35,75,1203.75,11-OCT-2000,
SWARAJENG,EQ,282,285,265.25,277.4,277.4,286.6,418,117066.5,11-OCT-2000,
SWIL,EQ,8.4,8.4,8.4,8.4,8.4,7.05,150,1260,11-OCT-2000,
SYNDIBANK,EQ,9.15,9.3,9.05,9.2,9.2,9.15,27098,249483.5,11-OCT-2000,
TANFAC,EQ,15.5,15.5,15.5,15.5,15.5,16,100,1550,11-OCT-2000,
TATACHEM,EQ,31.5,34.8,31.5,33.7,33.7,33.75,39077,1311557.95,11-OCT-2000,
TATAELXSI,EQ,97.5,97.5,93.25,94.75,95.25,97.9,84538,8027171.8,11-OCT-2000,
TATAFIN,EQ,59.25,65,59.1,62.85,63.25,61,11974,739224.65,11-OCT-2000,
TATAHYDRO,EQ,50.25,51.25,50.25,51.25,51.25,50.7,350,17637.5,11-OCT-2000,
TATAMETALI,EQ,7.5,7.5,7.5,7.5,7.5,7.6,700,5250,11-OCT-2000,
TATAPOWER,EQ,67.9,67.9,63.3,64.95,65,65.15,16573,1067774.5,11-OCT-2000,
TATAPRESS,EQ,208,208,206,206,206,209.9,131,27042,11-OCT-2000,
TATATEA,EQ,195,198,183,184.2,183.5,196,135030,25698006.4,11-OCT-2000,
TATATELECM,EQ,95,98.9,93,95.25,96,98.2,44819,4298507.15,11-OCT-2000,
TATATIMKEN,EQ,32.55,33.85,32.5,33,33.3,33.75,2333,76892.7,11-OCT-2000,
TATAUNISYS,BE,222,222,208,213,213,218.05,1455,311873,11-OCT-2000,
TATAVASHIS,EQ,19.6,19.65,18.1,19,19,18.8,11595,215961.15,11-OCT-2000,
TATAYODOGA,EQ,28,28.05,28,28.05,28.05,29.4,150,4205,11-OCT-2000,
TELCO,EQ,79,79.95,77.1,77.85,77.65,79.15,237013,18681743.35,11-OCT-2000,
TELEPHNCAB,EQ,10.15,10.15,10.1,10.15,10.1,10.5,300,3040,11-OCT-2000,
TFCILTD,EQ,8.05,8.05,7.6,7.9,7.95,8,1008,7813.6,11-OCT-2000,
THERMAX,EQ,68,68.75,66.1,67.55,67.25,67.85,4811,324696.25,11-OCT-2000,
THOMASCOOK,EQ,300,304.1,288.15,289.85,288.15,296.8,2975,869029.25,11-OCT-2000,
TIL,EQ,13,13,13,13,13,13.5,1800,23400,11-OCT-2000,
TIMEXWATCH,EQ,11.75,12,11.75,12,11.9,11.9,8900,106367.8,11-OCT-2000,
TIRUMALCHM,EQ,45.1,46.55,43,45,45,45.2,3910,176379.5,11-OCT-2000,
TISCO,EQ,91.25,92.4,87.5,88.05,88.5,92.25,734616,66115551.15,11-OCT-2000,
TITAN,EQ,50.05,52,50,50.6,50.25,50,3533,178009.65,11-OCT-2000,
TNPETRO,EQ,15.5,15.55,15.05,15.4,15.55,15.4,15185,232249.65,11-OCT-2000,
TNPL,EQ,30,30,27.65,28.8,28.75,29.35,7176,203820.35,11-OCT-2000,
TNTELE,EQ,27.9,29.8,27.15,28.05,27.4,29.5,9700,269230,11-OCT-2000,
TORNTPHARM,BE,158,158,146,148.8,147,157.75,1181,179393,11-OCT-2000,
TORRENGUJ,EQ,5.75,5.75,5.6,5.6,5.6,5.7,900,5115,11-OCT-2000,
TORRENGUJ,N2,12,12,12,12,12,14,100,1200,11-OCT-2000,
TRANSCHEM,EQ,10,10.6,9.5,9.55,9.55,9.85,2800,28115,11-OCT-2000,
TTKPRESTIG,EQ,22.25,23.5,22.25,23.15,23.5,22.25,600,13845,11-OCT-2000,
TUBEINVEST,EQ,54,55.3,53.5,53.9,54.5,56.1,2112,114244.5,11-OCT-2000,
TV18,EQ,455,459,425.5,436.95,440,469.85,29998,13199386.5,11-OCT-2000,
TVS-SUZUKI,EQ,140,158,138,153.9,157.7,140.1,5263,784347.1,11-OCT-2000,
TVSELEC,EQ,93.3,93.3,87.3,87.75,87.9,92.3,21522,1935065.9,11-OCT-2000,
UCALFUEL,EQ,46,46,45.85,45.85,45.85,48.1,300,13785,11-OCT-2000,
ULTRMARINE,EQ,143.05,143.05,142.6,142.6,142.6,155,151,21555.5,11-OCT-2000,
UNICHEMLAB,BE,158,158,150,157.9,158,161.65,1227,190894.4,11-OCT-2000,
UNIFLEX,EQ,21.7,21.7,19.75,19.8,19.8,21.2,600,12275,11-OCT-2000,
UNIONCARBI,EQ,27.6,27.6,26.2,26.5,26.5,27.5,1646,44482.7,11-OCT-2000,
UNITECH,EQ,34.85,34.85,34.85,34.85,34.85,33.15,5,174.25,11-OCT-2000,
UNITEDBREW,EQ,51,52.5,46.5,50.95,51.05,47.6,36302,1816209.25,11-OCT-2000,
UNITEDPHOS,EQ,54.1,59,54.1,57.35,57.7,58.75,12674,728513.95,11-OCT-2000,
UNIWESTBNK,EQ,28.75,30.3,28.75,30.3,30.3,28.95,1350,39987.5,11-OCT-2000,
UPERGANGES,EQ,24.15,24.15,24.15,24.15,24.15,26,75,1811.25,11-OCT-2000,
USHABEL,EQ,56.85,59.8,51,52.8,52.6,78,37244,2019102.4,11-OCT-2000,
USHAINDIA,EQ,8.75,8.9,8.75,8.8,8.8,8.9,4025,35382.5,11-OCT-2000,
UTIBANK,EQ,35,35,33,34.1,34,34.75,21860,744579.35,11-OCT-2000,
UTTAMSTL,EQ,3.45,3.45,3.1,3.1,3.1,3.05,525,1758.95,11-OCT-2000,
VAMORGANIC,EQ,60.05,60.25,60.05,60.1,60.1,62.95,26,1566.15,11-OCT-2000,
VANADYCHEM,EQ,32.1,32.1,32.1,32.1,32.1,32.55,200,6420,11-OCT-2000,
VARDHMNSPG,EQ,44,44,44,44,44,44.75,100,4400,11-OCT-2000,
VARUNSHIP,EQ,12.45,13.65,12.4,12.8,12.7,12.75,4692,61220.8,11-OCT-2000,
VDOCONAPPL,EQ,12.1,12.9,12.1,12.6,12.55,12.95,625,7848.75,11-OCT-2000,
VDOCONINTL,EQ,42.4,42.75,41,41.65,41.7,42.15,118366,4922836.7,11-OCT-2000,
VDOLEASE,EQ,37,37,37,37,37,37.55,700,25900,11-OCT-2000,
VESUVIUS,EQ,38.5,39.6,38.15,39,39,37.3,1230,47551.5,11-OCT-2000,
VIKASWSP,AE,486,486,475,475,475,592,100,48050,11-OCT-2000,
VIKASWSP,EQ,525,525,481,507.05,507,561.05,747909,374501123.05,11-OCT-2000,
VINDHYATEL,EQ,65.7,65.7,64.2,65.5,64.8,66.35,3434,224313.45,11-OCT-2000,
VINTAGE,EQ,97,100,94.35,94.4,94.5,102.55,254,24265.2,11-OCT-2000,
VINYLCHEM,EQ,10.65,10.65,10.65,10.65,10.65,12.1,21,223.65,11-OCT-2000,
VIPIND,EQ,18.15,19.5,18.15,19.5,19.5,19,150,2790,11-OCT-2000,
VISESHINFO,EQ,71,71,67.2,67.2,67.2,73,33161,2258229.1,11-OCT-2000,
VISUALSOFT,BE,875,1054,845,982.95,1000,909.25,26872,25571521.8,11-OCT-2000,
VLSFINANCE,EQ,13,13,12.5,12.6,12.6,12.85,6100,77675,11-OCT-2000,
VOLTAS,EQ,28.45,28.5,26.35,27.1,27,27.6,18739,509836.7,11-OCT-2000,
VSNL,EQ,694,710,673,699.75,701.05,678.4,73042,50372870.75,11-OCT-2000,
VSTIND,EQ,97.9,98,97.9,98,98,98,1850,181290,11-OCT-2000,
VXL,EQ,5.45,5.45,4,4.4,4.5,3.95,12863,54245.7,11-OCT-2000,
VXLINSTR,EQ,87,87,83,83.1,83.1,85.7,2188,185416.5,11-OCT-2000,
VYSYABANK,EQ,100,100,98.6,99.95,100,100.7,1506,149821.6,11-OCT-2000,
WALCHANNAG,EQ,47,47,47,47,47,45,100,4700,11-OCT-2000,
WARTSILA,EQ,90,90,85.25,86.7,86.55,86.2,2596,224456,11-OCT-2000,
WATERBASE,EQ,6.5,6.5,6.5,6.5,6.5,6.65,800,5200,11-OCT-2000,
WELLWININD,EQ,42.05,47.15,40.5,42.75,43.3,43.65,13021,550171.95,11-OCT-2000,
WENDTINDIA,EQ,198.95,199.75,186.5,186.5,186.5,189.1,300,59107.5,11-OCT-2000,
WESTHATCH,EQ,51.85,52,51.85,52,52,51.95,600,31187.5,11-OCT-2000,
WIDIA,EQ,100,100,100,100,100,103.75,100,10000,11-OCT-2000,
WIMCO,EQ,9,9.65,9,9,9,9.1,551,4959.65,11-OCT-2000,
WIMPLAST,EQ,42,43,40.2,40.2,40.2,41.05,102,4283.2,11-OCT-2000,
WIPRO,AE,2350,2350,2260,2277,2280,2453.1,175,402765,11-OCT-2000,
WIPRO,EQ,2355,2369.9,2251.05,2285.35,2283,2437.7,479440,1103645485.3,11-OCT-2000,
WOCKLIFE,EQ,24.9,25.75,24.85,25.55,25.5,25.25,6755,170886,11-OCT-2000,
WOCKPHARMA,EQ,337.15,338.95,331.15,335,335.9,339.35,3098,1039140.2,11-OCT-2000,
WYETHLEDE,EQ,257.05,268.75,257,257,257,264.2,1025,266101.25,11-OCT-2000,
YOKOGAWA,EQ,55.25,55.3,55.25,55.3,55.3,57.25,150,8292.5,11-OCT-2000,
ZANDUPHARM,EQ,2841,3000,2800,2900,2900,2866.35,54,155730,11-OCT-2000,
ZEETELE,AE,410.25,414,390,407.6,409,420.7,12588,5133392.45,11-OCT-2000,
ZEETELE,EQ,412.85,416.45,399.1,406.5,408.1,420.05,10021147,4087412134.2,11-OCT-2000,
ZENITHCOMP,EQ,43.85,44,40.75,41.75,41.75,44,4654,195956.6,11-OCT-2000,
ZENITHEXPO,EQ,28.85,28.85,28.85,28.85,28.85,31.35,100,2885,11-OCT-2000,
ZENITHINFO,EQ,71,74.65,70,71.9,71.6,71.9,10503,751225.05,11-OCT-2000,
ZODIACLOTH,EQ,74,75,72,73.95,74,70.25,42300,3128050,11-OCT-2000,
ZUARIAGRO,EQ,21.65,21.65,20.5,21.2,21.2,19.45,851,18128.1,11-OCT-2000,
