SYMBOL,SERIES,OPEN,HIGH,LOW,CLOSE,LAST,PREVCLOSE,TOTTRDQTY,TOTTRDVAL,TIMESTAMP,
21STCENMGM,BE,5.5,5.5,5.5,5.5,5.5,5,500,2750,14-DEC-2000,
AARTIDRUGS,EQ,25.3,26.95,25.3,25.45,25.4,24.95,4700,121840,14-DEC-2000,
AARTIIND,EQ,42.7,42.75,42,42.5,42,42.5,5800,246865,14-DEC-2000,
ABANLLOYD,EQ,32,34.45,32,34.1,34.45,31.9,21610,728386.9,14-DEC-2000,
ABB,EQ,262,262,249.75,255.85,255.05,261.25,70973,18242578.35,14-DEC-2000,
ABBALPO,EQ,30,30,27.4,28.5,28.5,29.75,6949,199396.25,14-DEC-2000,
ABBOTTLAB,EQ,294.5,294.5,276.6,276.6,276.6,281.5,2115,600089.5,14-DEC-2000,
ABSIND,EQ,31.35,31.35,30.15,30.65,30.65,30.5,1675,51943.75,14-DEC-2000,
ACC,EQ,163.5,169.25,162.1,165.8,166,163.2,11973416,1992385442.4,14-DEC-2000,
ADANIEXPO,EQ,605.1,649,585,607.45,610,616.95,535485,336490236.35,14-DEC-2000,
ADITYAINTL,EQ,78,78,78,78,78,79,1000,78000,14-DEC-2000,
ADVANIORLI,EQ,17.25,17.3,16.55,17,17,17.45,2701,46025.75,14-DEC-2000,
AEGISCHEM,EQ,9.45,9.5,9.45,9.5,9.5,10,350,3322.5,14-DEC-2000,
AFTEKINFO,BE,1047.05,1050.5,1000,1004.7,1000,1067.8,5478,5634300.55,14-DEC-2000,
AGREVOIND,EQ,212.2,212.2,202.5,204.6,205.9,204.2,2920,603242.8,14-DEC-2000,
AGRODUTCH,EQ,58,58.5,57,57.05,57,57.6,12290,710622,14-DEC-2000,
AHMEDELEC,EQ,45.1,49.65,45.1,48.1,48,48.8,3615,174553.5,14-DEC-2000,
AJANTPHARM,EQ,109.75,109.95,108,108.2,108.2,107.05,4367,474758.05,14-DEC-2000,
AKARLAMIN,EQ,3.2,3.35,3.2,3.3,3.3,3.25,500,1635,14-DEC-2000,
AKSHOPTFBR,EQ,168,170.9,158.5,160.15,160.8,165.05,667150,110694076.95,14-DEC-2000,
ALEMBICLTD,EQ,165,170,162,162.45,162.55,163.05,24171,4012893.5,14-DEC-2000,
ALFALAVAL,EQ,165,167.85,163,164.2,164,164.65,1125,185274.5,14-DEC-2000,
ALKYLAMINE,EQ,20.65,20.65,20.6,20.6,20.6,21,234,4825.4,14-DEC-2000,
ALOKTEXT,EQ,22.5,24.45,21.5,22.95,23,21.7,913478,20945323.5,14-DEC-2000,
ALPICFIN,EQ,35.6,35.65,34,35.3,34,33,13603,482534.9,14-DEC-2000,
ALPSINDUS,EQ,154.65,154.65,139,139.65,139,150.4,46000,6805845,14-DEC-2000,
AMARAJABAT,EQ,179,179,175.15,176.1,175.5,176.25,212451,37440755.75,14-DEC-2000,
AMBASARABH,EQ,10.9,10.9,9.25,9.3,9.3,9,7106,68269.8,14-DEC-2000,
AMERICADRY,EQ,7.35,7.35,7,7.3,7.3,7,5116,36361.5,14-DEC-2000,
AMFORGEIND,EQ,5.95,6,5.8,6,6,6,3683,21931.4,14-DEC-2000,
AMTEKAUTO,BE,216.05,216.05,216.05,216.05,216.05,230.9,100,21605,14-DEC-2000,
AMTEKAUTO,EQ,207,213.9,202,204.9,204.05,204.6,31200,6408030,14-DEC-2000,
AMTREXAPPL,EQ,19.75,20,19.65,19.65,19.65,19.55,1450,28777.5,14-DEC-2000,
ANAMALFIN,EQ,5.05,5.05,5.05,5.05,5.05,5.05,2000,10100,14-DEC-2000,
ANDHRAPET,EQ,5.65,5.75,5.25,5.75,5.75,5.65,1536,8718.75,14-DEC-2000,
ANDHRSUGAR,EQ,23.5,23.5,23.5,23.5,23.5,24,300,7050,14-DEC-2000,
ANSALHOUS,EQ,8.05,8.05,7.75,7.75,7.75,7.3,700,5575,14-DEC-2000,
ANTGRAPHIC,EQ,8.95,8.95,8.15,8.3,8.25,8.25,27281,230402.85,14-DEC-2000,
APOLLOHOSP,EQ,206.6,209.65,204,204.95,205,205.5,8602,1779911.3,14-DEC-2000,
APOLLOTYRE,EQ,98,99.05,96.05,96.55,96.05,97.6,113170,11058871.6,14-DEC-2000,
APOWERTOOL,EQ,2.3,2.35,2.2,2.25,2.2,2.3,15103,33976.95,14-DEC-2000,
APPAPER,EQ,625,630,625,627.1,627.1,620,161,101040.5,14-DEC-2000,
APPLECREDT,EQ,7.75,7.75,7.5,7.7,7.7,7.65,19200,147182.5,14-DEC-2000,
APPLEIND,EQ,3.9,3.9,3.85,3.85,3.85,3.9,52780,205607,14-DEC-2000,
APTECH,EQ,469.9,480,456,458.75,460,468.4,495429,231510293,14-DEC-2000,
ARCHIES,BE,208,208,198.6,200.7,200,204.95,4222,856579.8,14-DEC-2000,
ARHAMFISCL,EQ,20.5,20.7,19.75,19.75,19.75,20,13100,263840,14-DEC-2000,
ARIHANTCRE,BE,20,21.45,19.3,20,19.95,18.85,98272,2026272.9,14-DEC-2000,
ARVINDMILL,EQ,15.4,16.15,14.75,15.3,15.2,14.85,866820,13436760.75,14-DEC-2000,
ASHAPURMIN,EQ,75.05,75.05,75.05,75.05,75.05,79.95,100,7505,14-DEC-2000,
ASHIMASYN,EQ,48.5,48.9,48,48.5,48.9,48.05,2300,111245,14-DEC-2000,
ASHKLEYFIN,BE,27.85,28,27.5,27.85,27.85,27.35,1539,42830.6,14-DEC-2000,
ASHOKLEY,EQ,48.5,49.9,48.5,48.7,48.75,48.55,183391,9032721.4,14-DEC-2000,
ASIANELEC,EQ,30.3,32.95,30.3,32.35,32.5,32.25,4010,129062.5,14-DEC-2000,
ASIANHOTEL,EQ,84,87.75,81.25,87.25,87.25,86.95,970,83164.55,14-DEC-2000,
ASIANPAINT,EQ,281,286.7,274,276.85,274,278.75,18599,5201803.4,14-DEC-2000,
ASSAMCO,EQ,35.75,38.5,35.75,37.35,37.1,36,1931,70841.65,14-DEC-2000,
ASSAMFRONT,EQ,83.85,85.5,83.85,85.5,85.5,83.25,350,29557.5,14-DEC-2000,
ASTRAIDL,EQ,419,421,360.05,360.6,364,391.35,19627,7725276.15,14-DEC-2000,
ATCOIND,BE,59.5,62,58.75,59.15,59.7,59.75,16225,978724.8,14-DEC-2000,
ATLASCOPCO,EQ,107.9,112,104,106.8,106.7,106.25,14827,1612074.35,14-DEC-2000,
ATLASCYCLE,EQ,75.95,76,74.65,76,76,75.8,1678,127063.7,14-DEC-2000,
ATULPROD,EQ,13.05,13.05,13,13,13,13.05,155,2021.45,14-DEC-2000,
ATVPETRO,EQ,2.05,2.8,2.05,2.25,2.25,2.5,1750,4282.5,14-DEC-2000,
AUROPHARMA,EQ,545,557,532,536.3,535,541.6,164304,89900756.3,14-DEC-2000,
AUTOAXLES,EQ,41.75,41.75,38,38.35,38.35,38.65,1651,65443.9,14-DEC-2000,
AUTOLEC,EQ,46.1,46.1,46,46,46,46,300,13810,14-DEC-2000,
AUTORIDFIN,EQ,5.3,5.5,5.3,5.5,5.5,5.25,1000,5499,14-DEC-2000,
AVERY,EQ,21.5,22.9,21.5,22.1,22.1,21.45,2390,54273.55,14-DEC-2000,
AZTEC,EQ,131.9,133.45,121,121,121,131.5,58574,7281179.55,14-DEC-2000,
BAGYAMETAL,EQ,60,60,60,60,60,60,100,6000,14-DEC-2000,
BAJAJAUTO,EQ,269.7,271,263.25,264.45,264.65,267,122159,32639209.4,14-DEC-2000,
BAJAJHIND,EQ,83,83,83,83,83,82,50,4150,14-DEC-2000,
BAJAUTOFIN,EQ,31.6,33.2,31.05,31.3,31.3,30.8,13550,435151.6,14-DEC-2000,
BALAJHOTEL,EQ,17.95,17.95,17.95,17.95,17.95,18.25,200,3590,14-DEC-2000,
BALAJIDIST,EQ,64,66,63,63,63,65.65,1700,108785,14-DEC-2000,
BALAJITELE,EQ,324,330,317.3,320.7,322.5,324.7,951763,308258119.75,14-DEC-2000,
BALMLAWRIE,EQ,26.45,27.5,26.25,26.95,27,25.55,4863,130778.15,14-DEC-2000,
BALRAMCHIN,EQ,95,95.5,94.75,95,95,95.25,2289,217151.15,14-DEC-2000,
BANARBEADS,EQ,13.5,13.75,13.5,13.75,13.75,13.15,300,4100,14-DEC-2000,
BANARISUG,EQ,124,124,116.15,116.5,116.5,115.8,611,72015.05,14-DEC-2000,
BANCOPROD,EQ,35.9,35.9,34.95,34.95,34.95,36.2,200,7085,14-DEC-2000,
BANKBARODA,EQ,49.45,50.45,48.4,48.55,48.75,49,222090,11006201.05,14-DEC-2000,
BANKINDIA,EQ,13.35,14.7,13.35,14.35,14.3,13.45,769859,10929555.65,14-DEC-2000,
BANKMADURA,EQ,180,180,180,180,180,166.65,200,36000,14-DEC-2000,
BANKPUNJAB,EQ,16,16,15.5,15.6,15.5,15.75,151755,2390895.35,14-DEC-2000,
BANKRAJAS,EQ,19.7,19.7,17.95,18.05,18.1,18.85,109141,2038423.75,14-DEC-2000,
BASF,EQ,104.5,105.1,99.05,99.35,100,104.3,27728,2857780.6,14-DEC-2000,
BATAINDIA,EQ,72.3,74.55,71,71.3,71.65,70.6,343346,25065678.15,14-DEC-2000,
BAUSCHLOMB,EQ,49.25,52,49.25,50.15,50.1,50.25,93994,4761329.05,14-DEC-2000,
BAYER,EQ,723.95,723.95,670,672.95,674,670.35,2940,2027553.5,14-DEC-2000,
BBTC,EQ,56,56,56,56,56,60,50,2800,14-DEC-2000,
BEL,EQ,66.85,67.9,62.05,65.6,66,65.5,255184,16834209.4,14-DEC-2000,
BELCERAMIC,EQ,5.5,5.75,5,5.3,5.3,5.2,55490,282075.3,14-DEC-2000,
BELCONTROL,EQ,13.55,13.55,13.5,13.5,13.5,13.45,300,4055,14-DEC-2000,
BELLARYSTL,EQ,3.2,3.45,3,3,3,3.3,1600,5000,14-DEC-2000,
BEML,EQ,22.5,23,21.95,22.05,22,22.4,40200,900446.55,14-DEC-2000,
BERGEPAINT,EQ,93.75,93.75,91.5,91.65,92,92.2,5190,476517.5,14-DEC-2000,
BFLSOFTWAR,BE,515,530,515,516.85,516.65,524.95,3354,1742783.15,14-DEC-2000,
BGFL,BE,27.45,28.05,27,27,27,27.1,2200,61082.5,14-DEC-2000,
BHARATFORG,EQ,119.75,120,116.35,116.9,116.5,119.2,38277,4508944.5,14-DEC-2000,
BHARATGEAR,EQ,15.5,15.5,15.5,15.5,15.5,15.7,150,2325,14-DEC-2000,
BHARATHOT,EQ,34.7,34.7,33.9,33.9,33.9,34.25,1066,36427.9,14-DEC-2000,
BHARATRAS,EQ,26,26,26,26,26,26,24100,626600,14-DEC-2000,
BHEL,EQ,168,169.8,155.4,157.15,157.4,166.4,2202746,359226720.75,14-DEC-2000,
BHUSANSTL,EQ,25.2,25.85,25,25.35,25.35,26,1709,43532.15,14-DEC-2000,
BIHARCAUST,EQ,12.95,13.35,12.4,12.4,12.4,12.6,1650,21297.5,14-DEC-2000,
BIL,EQ,54.5,54.5,52.9,52.9,52.9,53.75,4110,219601,14-DEC-2000,
BILT,EQ,71,71,69,69.15,69,70.05,147585,10302808.4,14-DEC-2000,
BIMETBRG,EQ,125.15,125.15,125.1,125.1,125.1,125,100,12512.5,14-DEC-2000,
BINANIZINC,EQ,57.5,57.5,54,56.5,56,55.05,24621,1363294.35,14-DEC-2000,
BINDALAGRO,EQ,11.9,11.9,11.5,11.65,11.65,11.75,28792,335652.5,14-DEC-2000,
BIOFILCHEM,EQ,8.9,9.5,8.6,9.25,9.25,9.1,322309,2959568.95,14-DEC-2000,
BIRLA3M,EQ,636.75,636.75,627.15,627.2,627.15,627.25,772,486471.45,14-DEC-2000,
BIRLAERIC,EQ,53.5,54.4,53.2,53.7,53.25,52.95,47390,2548814.75,14-DEC-2000,
BIRLAJUTE,EQ,17.45,19.5,17.45,18.6,18.35,17.35,41240,760757.15,14-DEC-2000,
BIRLAYAMAH,EQ,22.7,23.95,22.6,23.6,23.6,23.5,914,21316.4,14-DEC-2000,
BISHNATTEA,EQ,32.5,32.5,30.5,31.5,31.5,32.25,2250,70455,14-DEC-2000,
BLBLIMITED,EQ,30.75,30.75,29.85,30.65,30.75,29.1,27166,826777.6,14-DEC-2000,
BLOWPLAST,EQ,21.95,21.95,21.95,21.95,21.95,23,249,5465.55,14-DEC-2000,
BLUEDART,EQ,244,244,235.5,239.3,241,234.7,2035,489372,14-DEC-2000,
BLUESTARCO,BE,43.7,43.7,40,40.15,40,41.5,3225,131950,14-DEC-2000,
BLUESTINFO,BE,83,83.3,82.5,83.3,83.25,84,534,44268.75,14-DEC-2000,
BOMDYEING,EQ,101.85,105,97.1,98.75,99,99.55,45364,4537569.3,14-DEC-2000,
BONGAIREFN,EQ,9.15,9.35,8.8,8.9,8.8,9.05,106459,970503.9,14-DEC-2000,
BOOTSPHARM,EQ,339,368,336,356.5,354,332.75,60554,21546476.2,14-DEC-2000,
BPCL,EQ,253,255,245,245.9,245.3,250.95,190416,47202337.8,14-DEC-2000,
BPL,EQ,164,166.9,159,160.5,161.15,162.15,453247,74309138.7,14-DEC-2000,
BPLENGG,EQ,9.75,10.3,9.7,10.05,10.05,9.8,7991,79633.95,14-DEC-2000,
BPLREFRIG,EQ,5,5,4.5,4.75,4.75,4.5,12801,58642.5,14-DEC-2000,
BPLSANTECH,EQ,5.8,6.35,5.4,5.75,5.75,5.45,28916,171657.2,14-DEC-2000,
BPLSANUTIL,EQ,7.55,7.55,7.55,7.55,7.55,7.8,1100,8305,14-DEC-2000,
BRITANNIA,EQ,786.1,793.1,786.05,787.75,786.05,791.85,11180,8825972.55,14-DEC-2000,
BSES,EQ,220.05,225.5,218.5,219.85,219.9,220.1,399292,88853575.6,14-DEC-2000,
BSL,EQ,31.7,31.7,29.2,29.2,29.2,29.6,1900,57120,14-DEC-2000,
BURRWELCOM,EQ,309.2,323.9,309.2,315.4,316.9,312,20976,6680197.5,14-DEC-2000,
CABOTINDIA,EQ,80,82,80,81.75,81.75,80,609,49725.5,14-DEC-2000,
CADBURY,EQ,601,614.9,600,601.05,603.95,594.85,32042,19453001.1,14-DEC-2000,
CADILAHC,EQ,162,174.9,162,166.7,166,167.7,104512,17780187,14-DEC-2000,
CALSOFT,EQ,167.9,175,165,166.7,167,165.25,6300,1069555,14-DEC-2000,
CAMPALLIED,EQ,18.45,18.45,17.5,17.5,17.5,17.5,350,6362.5,14-DEC-2000,
CANFINHOME,EQ,19,19.3,18.55,18.55,18.55,18.5,700,13305,14-DEC-2000,
CAPRIHANS,EQ,13.5,13.5,12.6,12.65,12.6,13.4,6700,88207.5,14-DEC-2000,
CARBEVFLOW,EQ,20.2,20.2,19.85,20,19.95,19.85,2583,51860.85,14-DEC-2000,
CARBORUNIV,EQ,90,91.1,90,90.15,90.15,92.05,1131,102176,14-DEC-2000,
CARRIERAIR,EQ,114.75,114.75,106.25,107.1,106.6,111.8,79979,8818801.2,14-DEC-2000,
CASTROL,EQ,277,277.5,273,273.7,273.95,275.35,48617,13354717.65,14-DEC-2000,
CAUVERSOFT,BE,4.8,5,4,4.25,4,4.5,173351,767677.5,14-DEC-2000,
CCI,EQ,7.8,7.8,7.2,7.2,7.2,7.75,600,4380,14-DEC-2000,
CEAT,EQ,39,39.5,38.5,39.4,39.4,39.05,36451,1420865,14-DEC-2000,
CEATFIN,EQ,8.25,9.4,8.25,9,9,9.1,900,7990,14-DEC-2000,
CENTAKCHEM,EQ,109,113.9,109,113.9,113.9,108,435,48282.4,14-DEC-2000,
CENTENKA,EQ,49.9,49.9,46,47.75,47.75,46.7,12683,613718.25,14-DEC-2000,
CENTEXTRU,EQ,6,6,6,6,6,4.05,32,192,14-DEC-2000,
CENTURION,EQ,20.2,20.75,19,19.15,19.1,19.7,186305,3699719.4,14-DEC-2000,
CENTURYTEX,EQ,42.5,46.75,42.5,44.75,45.05,42.7,880049,39480987.3,14-DEC-2000,
CESC,EQ,31,32,29,29.1,29.5,29.65,105287,3222284.85,14-DEC-2000,
CGGLASS,EQ,8.1,8.1,7.5,8,8,8.3,24800,191670,14-DEC-2000,
CGIGARSH,EQ,36,36,35,35.05,35,35.7,4025,142730,14-DEC-2000,
CHAMBLFERT,BE,11.5,11.5,11.1,11.2,11.2,11.4,40298,454573.15,14-DEC-2000,
CHEMNODRUG,BE,466,475,465,467.1,467.75,473.05,1177,550270.6,14-DEC-2000,
CHEMPLAST,EQ,20.1,20.25,19.5,19.5,19.5,19.7,966,18968.25,14-DEC-2000,
CHENNPETRO,EQ,34.8,34.8,33,33.2,33,34,49407,1660781.6,14-DEC-2000,
CHESLINTEX,EQ,7.05,7.45,6.9,6.9,6.9,6.75,4200,30055,14-DEC-2000,
CHETNADCEM,EQ,40.9,43.3,40.9,42.45,42.85,40.1,54605,2341572.25,14-DEC-2000,
CHICAGPNUM,EQ,56.05,57,56.05,56.05,56.05,55.8,211,11921.55,14-DEC-2000,
CHLORIDIND,EQ,123,124.55,117.15,118.2,118,122.05,10532,1281270.25,14-DEC-2000,
CHOLAINV,EQ,33.1,33.45,33.05,33.1,33.15,33.75,2135,70721.75,14-DEC-2000,
CHOWGULSTM,EQ,8.8,9.6,8.8,9,8.95,8.65,5787,53060.4,14-DEC-2000,
CIBASPEC,EQ,93,93.45,90.5,90.5,90.5,92,2021,185206.95,14-DEC-2000,
CIMCOBIRLA,EQ,2.5,3,2.5,3,3,2.55,4200,12090,14-DEC-2000,
CINEVISTA,EQ,170.25,174.95,170.25,171.05,171.05,173.3,73987,12781953.25,14-DEC-2000,
CIPLA,EQ,1095,1119,1081.6,1088.7,1091.9,1093.5,147635,162522669.95,14-DEC-2000,
CITICORSEC,BE,226,265,225,257.25,263,229.25,63496,15532520.05,14-DEC-2000,
CITURGIBIO,EQ,44.8,45.45,43.75,44.1,44,42.05,18445,831751.45,14-DEC-2000,
CLARIANT,EQ,108,111,108,109.1,109,108.3,2620,287849.65,14-DEC-2000,
CMC,EQ,261.1,304,261.1,285,286.45,267.35,255552,74261779.1,14-DEC-2000,
COATESIND,EQ,132.7,132.7,124.5,124.9,125,126.25,847,107604.2,14-DEC-2000,
COATVIYELA,EQ,16.5,16.6,16,16,16,16.6,18214,297010.05,14-DEC-2000,
COCHINREFN,EQ,57.9,57.9,54,54.8,54,56.4,45935,2570616.75,14-DEC-2000,
COLGATE,EQ,173,174.75,170.05,171.35,170.3,171.7,115820,20043021.2,14-DEC-2000,
COLORCHEM,EQ,94,96,92.1,93,93,93,2330,218311.05,14-DEC-2000,
COMPUTECH,EQ,47,47,43,43.45,43.5,43.85,1754102,79440231.2,14-DEC-2000,
CONCOR,BE,158,166.7,158,165.7,163.55,154.4,4685,765053.9,14-DEC-2000,
CONSCOFFEE,EQ,80.15,80.2,80,80,80,80,1200,96105,14-DEC-2000,
COREBIO,EQ,15,15,11.2,11.2,11.2,13.3,800,10435,14-DEC-2000,
COREPARENT,EQ,15.15,15.9,14.55,15.25,15.1,15.15,12332,190206.85,14-DEC-2000,
COROMNFERT,EQ,50.05,50.05,49.25,49.25,49.25,52.65,199,9902.75,14-DEC-2000,
CORPBANK,EQ,90.8,91.7,88,88.75,89.5,89.7,168438,15185310.1,14-DEC-2000,
COSMOFILMS,EQ,33.1,35,33.1,33.2,33.1,33.8,5270,179424.15,14-DEC-2000,
CRESTCOMM,EQ,199.95,206.8,191,193.4,194.5,196.95,446504,89769983.2,14-DEC-2000,
CRISIL,EQ,222,226,215,215.95,216,219.7,16306,3618954.3,14-DEC-2000,
CROMPGREAV,EQ,33,34.5,32.55,33.15,33,32.85,129124,4330096.7,14-DEC-2000,
CUB,EQ,23.6,23.75,22.45,22.55,22.45,24.4,15390,353992.15,14-DEC-2000,
CYAGRO,EQ,66.5,69.5,65,65.35,65.35,65,6255,417507.25,14-DEC-2000,
CYBERSPACE,BE,149.5,149.5,145.1,146.6,146.05,146.4,289258,42321299.95,14-DEC-2000,
CYBERTECH,BE,70,73,69,70.2,70,69.2,21882,1553977.35,14-DEC-2000,
DABUR,EQ,74.8,75,72.65,73,73,73.75,251685,18625932.85,14-DEC-2000,
DALALSTCOM,EQ,11.5,12,11.25,11.5,11.5,11.25,1501,17577,14-DEC-2000,
DALMIACEM,EQ,209,209,197.5,205,205,195.05,1384,281722.5,14-DEC-2000,
DATARSWICH,EQ,8.35,8.6,8.35,8.6,8.6,8.5,2000,17140,14-DEC-2000,
DAURALAORG,EQ,7.9,8.2,7.65,8.1,8.15,7.8,12300,97985,14-DEC-2000,
DCLPOLY,EQ,4.45,4.45,4,4.15,4.1,4.05,13321,54945,14-DEC-2000,
DCM,EQ,11.9,11.9,10,10,10,10.1,37788,378755.95,14-DEC-2000,
DCMDAEWOO,EQ,7.8,8.15,7.5,8.05,8.15,7.9,32500,254502.5,14-DEC-2000,
DCMFINSERV,EQ,7,7.55,7,7.15,7.1,7.25,76975,555047.4,14-DEC-2000,
DCMSRMCONS,EQ,53.05,53.5,52.05,52.05,52.05,54.5,809,42611.55,14-DEC-2000,
DCMSRMIND,EQ,8.95,9,8.95,9,9,9,2500,22480,14-DEC-2000,
DCW,EQ,6.6,6.8,6.05,6.45,6.45,6.45,54246,357582.25,14-DEC-2000,
DECCANCEM,EQ,18.5,19.2,17.6,19,18.7,18,12400,233522.5,14-DEC-2000,
DEEPAKFERT,EQ,16.5,17.25,16.05,16.4,16.8,16.75,10275,169262.5,14-DEC-2000,
DEEPAKNITR,EQ,35,35,35,35,35,34.75,160,5600,14-DEC-2000,
DENABANK,EQ,9.95,10,9.1,9.8,9.85,9.85,36680,352347.65,14-DEC-2000,
DEWANHOUS,EQ,27,27,27,27,27,25.5,500,13500,14-DEC-2000,
DGPWINDSOR,EQ,11.5,11.5,8.1,8.1,8.1,7.8,2614,23124.5,14-DEC-2000,
DHAMPURSUG,EQ,17.35,17.8,16.75,16.75,16.75,17.35,2229,38739.4,14-DEC-2000,
DHARSUGAR,EQ,5,5,5,5,5,4.75,700,3500,14-DEC-2000,
DIGITALEQP,EQ,564,567,545.1,548.25,548.45,563.05,3084860,1717134838.5,14-DEC-2000,
DLFCEMENT,EQ,7.7,8.1,7.6,7.9,8,7.9,93260,733257.5,14-DEC-2000,
DRBECK,EQ,49,49,49,49,49,51.85,1,49,14-DEC-2000,
DRIND,BE,3.5,3.5,2.85,2.9,2.85,3,6010,18795,14-DEC-2000,
DRREDDY,EQ,1427,1448,1400.05,1403.8,1400.2,1414.8,206005,294121541.3,14-DEC-2000,
DUNCANSIND,EQ,17.9,18,17.5,17.55,17.55,18,1100,19565,14-DEC-2000,
DYNACONS,EQ,27.5,29.15,26,26.2,26,26.95,36165,990903.45,14-DEC-2000,
DYNAMATECH,EQ,33.85,33.95,32.25,32.25,33.95,33.95,306,10046.2,14-DEC-2000,
EASTSILK,EQ,16,16.7,16,16.05,16.05,17,300,4875,14-DEC-2000,
EICHERLTD,EQ,18.05,18.2,17.7,17.7,17.75,18,8619,153349.75,14-DEC-2000,
EICHERMOT,EQ,29.5,30,28.25,28.65,28.65,30.2,9833,286455.4,14-DEC-2000,
EIDERTELE,BE,65,66,63.1,66,66,63,415,26705,14-DEC-2000,
EIDPARRY,EQ,78.2,79,77.2,78.1,78.65,78.9,4476,350509.1,14-DEC-2000,
EIHOTEL,EQ,205,205,198.5,199.3,199.5,201.3,16573,3343941.6,14-DEC-2000,
ELDERPHARM,EQ,56.75,58.25,55.05,56.5,56.5,55.65,15476,884369.2,14-DEC-2000,
ELECONENGG,EQ,36.5,39,36.5,38.5,36.6,38,981,37568.9,14-DEC-2000,
ELECTCAST,BE,189.8,193.75,179.1,180,180,189.6,2535,464198.25,14-DEC-2000,
ELGIEQUIP,EQ,16.9,17.25,16.2,16.2,16.25,16.5,19706,325233.5,14-DEC-2000,
ELGITYRE,EQ,265,265,246,250,250,255,130,32610,14-DEC-2000,
ELPROINTL,EQ,51.9,51.9,51,51,51,51.1,150,7740,14-DEC-2000,
EMCOTRANS,EQ,75,76.9,74.25,76.9,76.9,71.2,2547,193931.8,14-DEC-2000,
EMERCK,EQ,435,444.4,430,433.75,436,427.65,46883,20461114.1,14-DEC-2000,
ENGINERSIN,EQ,149,149,142.25,142.9,142.25,145.55,1905,279533.75,14-DEC-2000,
ENKTEXFOOD,EQ,5.3,5.35,5.15,5.15,5.15,5.3,8700,45815,14-DEC-2000,
ESABINDIA,EQ,64.15,66.8,63.15,63.45,63.25,63,36927,2398264.2,14-DEC-2000,
ESCORTS,EQ,117.9,118.6,110,111.55,111.8,116.15,102679,11772268.7,14-DEC-2000,
ESCORTSFIN,EQ,8.8,8.9,8.7,8.9,8.9,8.7,3546,31272.2,14-DEC-2000,
ESSARGUJ,BE,7.5,7.75,7.5,7.55,7.55,7.6,39276,299409.4,14-DEC-2000,
ESSAROIL,EQ,8.15,8.45,8.1,8.15,8.1,8.25,18449,153231.9,14-DEC-2000,
ESSAROIL,N1,59.1,59.1,59.1,59.1,59.1,59,100,5910,14-DEC-2000,
ESSARSHIP,EQ,7.9,8.05,7.8,7.85,7.95,7.95,46271,366169.8,14-DEC-2000,
ESSELPACK,EQ,516,529,511,515,512,522.75,16364,8503129.75,14-DEC-2000,
ETERNEVRST,EQ,26.9,27,25.65,26.75,26.75,26.95,1500,40050.1,14-DEC-2000,
EUPHARMLAB,EQ,13.45,15,13.05,14.7,14.95,13.25,243427,3403785.3,14-DEC-2000,
EUROSOFTAL,EQ,5.25,5.25,4.8,5,5.05,5.1,192650,971280.2,14-DEC-2000,
EUROTEXIND,EQ,12.25,15.05,12.25,14.4,14.4,12.05,2300,29865,14-DEC-2000,
EXCELIND,BE,81,82.9,81,81.25,81.05,79.5,2447,201165,14-DEC-2000,
FAGPRECISN,EQ,38.5,39.45,37.8,39.05,39.1,36.5,23890,932940.45,14-DEC-2000,
FALCONTYRE,EQ,17,17,17,17,17,16.1,100,1700,14-DEC-2000,
FDC,EQ,234.95,234.95,225.3,226.5,225.3,230.05,840,193499.5,14-DEC-2000,
FEDDERLOYD,EQ,5.5,6,5.5,5.5,5.5,5.75,4400,25430,14-DEC-2000,
FEDERALBNK,BE,65.25,66.9,59,59.65,60.5,62.6,67242,4209217.95,14-DEC-2000,
FINCABLES,EQ,240.9,245.95,232.55,233.9,234.5,241.7,69971,16760585.25,14-DEC-2000,
FINPIPE,EQ,23.95,24,23.5,23.5,23.5,23.8,47988,1136434.75,14-DEC-2000,
FIRSTLEASE,EQ,18.25,18.3,18,18,18,17.9,1300,23550,14-DEC-2000,
FLATPROD,EQ,17.7,17.8,16.5,16.5,16.5,17.3,110,1939.5,14-DEC-2000,
FLEX,EQ,38.65,38.65,36.1,37.85,38.35,35.75,240980,9235531.65,14-DEC-2000,
FLEXCHEM,EQ,255,255,232.05,234.8,235,248.15,46528,10983491.75,14-DEC-2000,
FLEXENGG,BE,30.55,30.55,30.55,30.55,30.55,28.25,861,26303.55,14-DEC-2000,
FLEXENGG,EQ,30.5,30.55,29,30.5,30.55,28.25,61200,1864610,14-DEC-2000,
FLOATGLASS,EQ,7.8,7.85,7.3,7.55,7.5,7.15,7250,55050,14-DEC-2000,
FORBESGOK,EQ,53.3,53.3,52,52,52,51.35,249,13013,14-DEC-2000,
FORTISFIN,EQ,5.8,6,5.8,6,6,6,600,3580,14-DEC-2000,
FOSECOIND,EQ,85,85,79.2,79.9,80.8,85.2,14864,1225140,14-DEC-2000,
FUJITSICIM,EQ,147,149,139,140.3,142.9,146.55,50119,7175493.25,14-DEC-2000,
FULFORD,EQ,207,219,206.5,208.45,208.5,205.3,19767,4213127.8,14-DEC-2000,
GABRIEL,EQ,41,41,39.25,39.7,39.7,39.25,1000,40412.5,14-DEC-2000,
GAIL,BE,64.5,64.5,57,57.1,57,60.2,104426,6267448.8,14-DEC-2000,
GALPOWTEL,BE,13,13,13,13,13,15.5,2000,26000,14-DEC-2000,
GALPOWTEL,EQ,12.1,12.1,11.3,11.5,11.35,11.85,10100,118035,14-DEC-2000,
GAMMONIND,EQ,141,142.5,133,135.05,134,139.1,2115,291833.5,14-DEC-2000,
GANESHANHY,EQ,5,5,3.35,4.8,4.8,4,1100,4156,14-DEC-2000,
GANESHBENZ,EQ,9.1,10.95,9.1,9.85,9.9,9.15,41433,408342.15,14-DEC-2000,
GANGOTEX,EQ,21.45,21.6,21.45,21.6,21.6,21.45,600,12885,14-DEC-2000,
GARDENSILK,EQ,7.55,7.65,7.5,7.5,7.6,7.55,12056,90837.9,14-DEC-2000,
GARWALLROP,EQ,14.5,15,14.1,14.25,14.25,14.15,7270,104928,14-DEC-2000,
GARWARPOLY,EQ,6.7,7.75,6.7,7.3,7.45,6.95,7768,56961.3,14-DEC-2000,
GECALSTHOM,EQ,27.45,27.45,24.35,25.5,25.5,25.5,14052,364013.15,14-DEC-2000,
GEOMETRIC,EQ,198,200,180.1,182.3,181.5,186.5,33598,6441891.6,14-DEC-2000,
GEORGFISCH,EQ,68,68.05,68,68.05,68.05,68.05,200,13605,14-DEC-2000,
GEORGWILIM,EQ,76.85,78,74.1,74.1,74.1,76.7,400,30552,14-DEC-2000,
GERMANREM,EQ,520,542,515.25,522.2,523,512,47248,24892785,14-DEC-2000,
GESCOCORP,EQ,46.9,48,46.9,47,47,47.7,42064,1978357.95,14-DEC-2000,
GESHIPPING,EQ,34.8,35.5,34.5,34.55,34.5,35.2,441120,15342297.05,14-DEC-2000,
GESTETNER,EQ,22.5,22.9,22.5,22.9,22.9,22.6,300,6815,14-DEC-2000,
GHCL,EQ,9.85,10,9.6,9.8,9.8,9.55,11800,115320,14-DEC-2000,
GICBAL,EQ,9.4,9.4,9.4,9.4,9.4,9.3,1900,17860,14-DEC-2000,
GICHSGFIN,EQ,9.05,9.5,9.05,9.5,9.5,9.25,2650,24030,14-DEC-2000,
GINNIFILA,EQ,5.4,6.35,5.4,6.35,6.35,5.5,1800,10765,14-DEC-2000,
GIPCL,EQ,23,23.4,22.75,23,22.95,23,64313,1486575.8,14-DEC-2000,
GKW,BE,2.25,2.25,2.25,2.25,2.25,3.8,45,101.25,14-DEC-2000,
GKW,EQ,2.25,2.25,2,2.2,2.2,3.75,25200,51490,14-DEC-2000,
GLAXO,EQ,474,482,466.1,469.7,470,471.05,117396,55848323.4,14-DEC-2000,
GLENMARK,EQ,240,258,239,239.8,239,239.45,5702,1382902.95,14-DEC-2000,
GLFL,EQ,5.75,5.75,5.75,5.75,5.75,5.8,500,2875,14-DEC-2000,
GLOBABOARD,EQ,1.8,1.8,1.55,1.55,1.55,1.7,45500,74565,14-DEC-2000,
GLOBALTELE,EQ,1188,1206.95,1147,1154.45,1150.05,1184.95,3897880,4600343333.05,14-DEC-2000,
GLOBLTRUST,BE,96.95,98,89,89.65,89,96,100449,9263361.85,14-DEC-2000,
GMDCLTD,EQ,37.15,38.2,37.1,37.3,37.25,38.05,7751,293560.5,14-DEC-2000,
GMRVASAVI,EQ,12.2,12.2,11.7,12,12,11.85,1420,17134.25,14-DEC-2000,
GNFC,EQ,30.3,30.8,28.9,29.1,29.05,29.85,266590,7993572.7,14-DEC-2000,
GODFRYPHLP,EQ,485.5,515,481.05,499.35,499,478,9355,4721558.4,14-DEC-2000,
GODREJFOOD,EQ,12.55,12.9,12.35,12.5,12.35,12.9,3912,49368.2,14-DEC-2000,
GODREJSOP,EQ,53.1,57,53,54.35,54.15,54.2,85141,4745047.85,14-DEC-2000,
GOETZEIND,EQ,20.2,21.95,20.2,21.35,21.65,21.2,3110,66536.75,14-DEC-2000,
GOLDTECHNO,EQ,164,166,157.1,158.1,158.35,163.1,143301,23172466.55,14-DEC-2000,
GOODLASNER,EQ,143.9,149,140,141.55,142,139.75,2996,436240.45,14-DEC-2000,
GOODRICKE,EQ,56.75,56.8,54,55.9,55.95,56.65,2440,134612.25,14-DEC-2000,
GOODYEAR,EQ,52.95,52.95,51.2,51.3,51.2,51.5,1481,77163.4,14-DEC-2000,
GOVINRUBER,EQ,11.1,11.1,11,11,11,12.1,1300,14375,14-DEC-2000,
GPELECT,EQ,14.7,14.7,14,14,14,14.9,515,7560,14-DEC-2000,
GRAMOPHONE,EQ,549,550,531,532.95,535,547.65,10007,5414901,14-DEC-2000,
GRAPHIT,EQ,30,30,30,30,30,30,100,3000,14-DEC-2000,
GRASIM,EQ,291.9,298.4,285.6,287.35,287.5,291.2,977021,286356177.1,14-DEC-2000,
GREAVES,EQ,9.95,9.95,9,9.3,9.3,9,11333,103692.05,14-DEC-2000,
GRINWELNOR,EQ,70.9,70.9,69,69,69,71,80,5577,14-DEC-2000,
GRMAGNET,EQ,2.55,3,2.55,2.75,2.75,2.65,3200,9110,14-DEC-2000,
GSFC,EQ,30.1,30.5,30.1,30.2,30.15,30.35,7301,221255.5,14-DEC-2000,
GTCIND,EQ,11.5,11.5,10.1,10.4,10.4,10.1,3700,38623,14-DEC-2000,
GTNTEXT,EQ,20.3,20.45,19.95,19.95,19.95,19.1,899,18295.05,14-DEC-2000,
GUJALKALI,EQ,19.1,19.4,18.2,18.75,18.9,19,13925,260625.75,14-DEC-2000,
GUJAMBCEM,EQ,166.85,172.5,165.5,167.1,166.9,164.45,2704207,459226823.35,14-DEC-2000,
GUJAPOLEQP,EQ,50.05,50.05,49.9,50,50,50,3200,160000,14-DEC-2000,
GUJBOROSIL,EQ,3.25,3.25,2.4,2.4,2.4,2.5,7102,18434.3,14-DEC-2000,
GUJFLUORO,EQ,63,63,61.1,61.7,61.1,62.8,3409,213866.15,14-DEC-2000,
GUJRATGAS,EQ,724,724,703,704.35,704,714.6,5971,4234220.4,14-DEC-2000,
GUJSIDHCEM,EQ,6.9,7.45,6.8,6.95,7,6.7,287608,2033401.75,14-DEC-2000,
GUJTHEMIS,EQ,7.8,8.25,7.75,8.25,8.25,5.7,1200,9605,14-DEC-2000,
GULFOIL,EQ,57.1,57.1,56.5,56.5,56.5,59.95,100,5662,14-DEC-2000,
HARRMALAYA,EQ,14.6,14.95,14.3,14.55,14.7,14.55,3326,48725.5,14-DEC-2000,
HAWKINCOOK,EQ,38.1,38.1,38,38,38,39,100,3801,14-DEC-2000,
HBSTOCK,EQ,3.5,3.5,3.45,3.45,3.45,3.45,700,2440,14-DEC-2000,
HCL-INSYS,EQ,263.2,268,250.2,252.4,252.1,261,1125844,293151215.85,14-DEC-2000,
HCLTECH,EQ,752.05,759,670.6,677.9,681,756.3,1028468,725434869.1,14-DEC-2000,
HDFC,EQ,555,559.85,551.5,553.3,555,555.35,42652,23686986.2,14-DEC-2000,
HDFCBANK,EQ,235,237,228,229.25,228,234.5,174675,40585119.15,14-DEC-2000,
HEG,EQ,32,32,31.5,31.5,31.5,31.5,2552,80953,14-DEC-2000,
HERDILCHEM,EQ,16.15,16.45,16.15,16.45,16.45,15.3,300,4905,14-DEC-2000,
HERITGFOOD,EQ,20.55,22.2,19.6,19.85,19.75,19.5,30200,629850,14-DEC-2000,
HEROHONDA,EQ,860,880,858,862.7,866,851.85,30478,26449603.6,14-DEC-2000,
HIMACHLFUT,EQ,1569.5,1582.8,1535,1545.1,1542,1571.75,4020872,6257942559.85,14-DEC-2000,
HIMATSEIDE,EQ,155,155,145.5,145.8,145.9,145.75,1481,217459.5,14-DEC-2000,
HINDALC0,EQ,791,833.9,778,820.55,818,777.3,327221,265922104.75,14-DEC-2000,
HINDCONS,EQ,46.05,47.2,45,45.2,45.15,46.1,6449,298379.85,14-DEC-2000,
HINDDORROL,EQ,16,16,15.95,15.95,15.95,18.3,250,3997.5,14-DEC-2000,
HINDINKS,EQ,296,302,294.5,297,297,295.25,235,69813.5,14-DEC-2000,
HINDLEVCHM,EQ,206,214,200,204.7,203.15,203.3,14809,3046279.2,14-DEC-2000,
HINDLEVER,EQ,192,197.5,192,193.15,193.4,191.9,3518336,686288181.6,14-DEC-2000,
HINDMOTOR,EQ,8.5,8.5,8.25,8.3,8.3,8.5,98070,824659.9,14-DEC-2000,
HINDOILEXP,EQ,13.2,13.25,12.85,12.85,12.9,13.35,15269,199341.65,14-DEC-2000,
HINDPETRO,EQ,146,146.95,140,141,141,144.65,212923,30551305.45,14-DEC-2000,
HINDSANIT,EQ,123.1,131,123.1,130,130,132.9,2076,271708.1,14-DEC-2000,
HINDSYNTEX,EQ,9.6,11,9.6,9.7,11,12.7,109,1060.4,14-DEC-2000,
HINDUJAFIN,EQ,186.9,190,175.55,177.9,178.5,183.7,73543,13561541.55,14-DEC-2000,
HINDZINC,EQ,18.9,19.25,18.65,19,19.05,18.9,409005,7745183.3,14-DEC-2000,
HINPOWPLUS,EQ,20,20.35,19.8,19.8,19.8,20.8,5350,107645,14-DEC-2000,
HITECDRIL,BE,39,40,38.6,39.9,40,38.95,40600,1595085.5,14-DEC-2000,
HMT,EQ,8.05,8.2,7.2,7.85,7.85,8,16501,130378.2,14-DEC-2000,
HOCL,EQ,9.95,9.95,9.25,9.3,9.25,9.45,36496,343803,14-DEC-2000,
HOECHST,EQ,540,541,527,529.5,529.8,530.9,8281,4448793.55,14-DEC-2000,
HOGANAS,EQ,77,79,77,78.1,78.1,78,590,45714,14-DEC-2000,
HOTELEELA,EQ,26.3,26.3,25.5,25.75,25.75,25.6,70840,1848892,14-DEC-2000,
HOTLINGLAS,EQ,3.2,3.65,3.2,3.55,3.55,3.3,20200,70045,14-DEC-2000,
HUGHESSOFT,EQ,989,989,915.55,922.9,927,982.9,256278,242564643.2,14-DEC-2000,
HUGHESTELE,EQ,11.85,12,11.65,11.7,11.65,11.8,287897,3418279.7,14-DEC-2000,
HYDRBADIND,EQ,19,19,19,19,19,20,1000,19000,14-DEC-2000,
IBP,EQ,160,160.4,154,154.75,154.55,158.45,8713,1356923.1,14-DEC-2000,
ICI,EQ,95,97.2,92,92.25,92.1,94.85,42973,4063972.7,14-DEC-2000,
ICICI,EQ,96.7,100.95,95.6,100.1,99.25,96.25,2281816,226248731.85,14-DEC-2000,
ICICI,N2,10250,10475,10250,10475,10475,10025,2,20725,14-DEC-2000,
ICICIBANK,EQ,159,160,156.5,157.6,157,159.1,194739,30742085.6,14-DEC-2000,
IDBI,EQ,45.95,46.4,43.55,43.75,44,45.75,546723,24423197.45,14-DEC-2000,
IDBIBANK,EQ,27.4,27.95,27,27,27.1,27.75,95912,2607657.85,14-DEC-2000,
IFBAGRO,EQ,8,9.5,8,8.55,8.55,7,7500,62800,14-DEC-2000,
IFBIND,EQ,5.35,5.95,5.1,5.95,5.95,5.35,3847,20741.75,14-DEC-2000,
IFCI,EQ,6.85,7.7,6.85,7.25,7.25,7,578056,4272311.8,14-DEC-2000,
IFCI,N2,9910,9910.05,9910,9910.05,9910.05,9906,3,29730.1,14-DEC-2000,
IGPETRO,EQ,8.95,9.6,8.95,9.15,9.25,8.95,10660,98917,14-DEC-2000,
INDAL,EQ,116.95,119,116.05,116.9,117,117.2,36820,4334562.55,14-DEC-2000,
INDBANKMER,EQ,3.75,3.75,3.2,3.2,3.2,3.15,3369,11392.8,14-DEC-2000,
INDHOTEL,EQ,238,244.9,230.1,234.45,232.1,238.35,15299,3669353.4,14-DEC-2000,
INDIACEM,BE,0,0,0,50,48,48,1089238,54461900,14-DEC-2000,
INDIACEM,EQ,47.4,53.6,47,52.65,53.6,46.25,4170460,213691658.15,14-DEC-2000,
INDIAFOILS,EQ,17.75,19.25,16.55,16.75,16.55,16.75,4073,69457.95,14-DEC-2000,
INDIAGLYCO,EQ,26.35,26.5,25.4,25.4,25.4,26.45,12250,318065.05,14-DEC-2000,
INDIANACRY,EQ,4,4.15,3.75,3.75,3.75,4,1800,7180,14-DEC-2000,
INDIANCARD,EQ,34.2,35,34.2,34.3,34.3,35.4,247,8494.3,14-DEC-2000,
INDIANORG,EQ,7.85,7.85,7.85,7.85,7.85,7.8,100,785,14-DEC-2000,
INDIAPHOTO,EQ,404.9,409,389,391.35,389,401.55,2480,986548.3,14-DEC-2000,
INDIASEC,EQ,4.5,5,4.4,5,5,4.3,2017,9156.5,14-DEC-2000,
INDNIPPON,EQ,154,154,154,154,154,153,100,15400,14-DEC-2000,
INDOCOUNT,BE,8.25,8.25,7.85,7.85,7.85,8.45,20,161,14-DEC-2000,
INDOCOUNT,EQ,6.15,6.15,6.15,6.15,6.15,6.2,100,615,14-DEC-2000,
INDOGULF,EQ,45.5,46.4,45,45.1,45.1,45.2,399678,18270163.9,14-DEC-2000,
INDORAMSYN,BE,7.85,8,7.85,8,8,8,27102,216634.2,14-DEC-2000,
INDRAMEDCO,EQ,23.75,23.75,22.8,23.05,23,23,24200,560970,14-DEC-2000,
INDRAYON,EQ,89.45,89.5,85.2,86.3,86.1,87.85,17528,1526449.1,14-DEC-2000,
INDSHAVING,EQ,769,775,750,753,750,766.05,4046,3094633.9,14-DEC-2000,
INDSWFTLAB,EQ,35.25,38,35.25,37,37,38.3,23171,844818.9,14-DEC-2000,
INDUSINDBK,BE,23.6,24.2,23.5,23.55,23.85,24.05,19525,463979.05,14-DEC-2000,
INFARINDIA,EQ,206.4,217,205,217,217,200.9,1250,264817.5,14-DEC-2000,
INFOSYSTCH,EQ,7625,7635.2,7500.05,7530.4,7537,7622.7,433547,3278237529.65,14-DEC-2000,
INFOTECENT,EQ,247,247,232.3,234.2,234.9,243.45,55603,13287256,14-DEC-2000,
INGERRAND,EQ,175.05,182.9,174.15,178.65,178.15,174.55,27997,5028612.95,14-DEC-2000,
INSILCO,EQ,27.4,27.4,25.75,26,25.9,27.1,33437,875042.95,14-DEC-2000,
INTLTRAVHS,EQ,44,44,42.7,42.75,42.9,43.15,1721,73990.9,14-DEC-2000,
INVELTRANS,EQ,25.9,25.9,25.5,25.5,25.5,26,2570,66339,14-DEC-2000,
INVESTCORP,EQ,89,89,88,88,88,88,200,17700,14-DEC-2000,
IOB,EQ,10.1,10.2,9.9,9.95,9.9,9.9,86167,861576.5,14-DEC-2000,
IOC,EQ,148.5,148.5,144,144.65,144,144.85,40459,5860490.4,14-DEC-2000,
IOL,EQ,30.65,30.8,29.55,30,30,30.75,5927,177955.5,14-DEC-2000,
IONEXCHANG,EQ,22,23.4,22,22.5,22.5,22.65,3189,72134.5,14-DEC-2000,
IPCALAB,EQ,125.8,130.9,124.1,125.3,125.5,123.1,110219,14085908.8,14-DEC-2000,
IPCL,EQ,71,71.25,68,68.35,68,70.4,723382,50359932.05,14-DEC-2000,
IPITATASPO,EQ,21,21.25,20.75,20.75,20.75,21,6500,136235,14-DEC-2000,
IPRINGS,EQ,82.95,83,80.5,81,81,83.55,2450,201927.5,14-DEC-2000,
ISIBARS,EQ,9,9.1,8.7,8.7,8.7,8.55,1600,14300,14-DEC-2000,
ISPATPROF,EQ,1.3,1.3,1.25,1.25,1.25,1.25,2033,2608.75,14-DEC-2000,
ISSAL,EQ,2.25,2.6,2.2,2.5,2.5,2.25,1200,2890,14-DEC-2000,
ITC,EQ,925,929.85,903.1,910.3,912,918.1,1428110,1313177718.7,14-DEC-2000,
ITCAGRO,EQ,76.5,80,69.05,69.05,69.05,75.05,19997,1476046.55,14-DEC-2000,
ITCBHADRA,EQ,68.1,68.7,67,67.2,67.25,67.35,88997,6013502.35,14-DEC-2000,
ITCHOTEL,EQ,86,88,85.5,85.5,85.5,86.85,550,47518,14-DEC-2000,
ITI,EQ,27.5,27.65,26.85,26.9,26.95,27.4,67313,1826881.65,14-DEC-2000,
ITIL,EQ,375,385,370,373.75,372.2,369.4,3802,1435617.25,14-DEC-2000,
ITWSIGNODE,BE,60,62.5,59.2,61.9,62.1,59.75,3505,214516.5,14-DEC-2000,
IVC,EQ,52.45,54,52.45,53.05,53.05,52.9,674,35752.5,14-DEC-2000,
IVRCLINFRA,EQ,69.45,69.45,64,67,69.45,67.4,3601,239804.45,14-DEC-2000,
J&KBANK,EQ,35.25,36.15,34.8,35.45,35.4,34.6,115004,4111218.45,14-DEC-2000,
JAGSNPHARM,EQ,656,656,630,647.9,647.9,615.1,5450,3570389.5,14-DEC-2000,
JAICORPLTD,EQ,31,32,31,32,32,32.9,500,15800,14-DEC-2000,
JAINIRRIG,EQ,11.25,12.6,11.2,12.3,12.25,11.1,17234,205806.5,14-DEC-2000,
JAINSTUDIO,EQ,191.9,192.95,188,188.4,188,191.05,61738,11783729.35,14-DEC-2000,
JAIPARBOLI,EQ,4.05,4.05,4.05,4.05,4.05,5.8,500,2025,14-DEC-2000,
JAYAGROGN,EQ,110,110,108,109,109,106,1348,146742.75,14-DEC-2000,
JAYPEEHOT,EQ,17.8,17.8,16.6,17.2,17.25,16.9,4232,72744.7,14-DEC-2000,
JAYSREETEA,EQ,56.7,57.9,56,56.1,56.1,54.5,1539,87154.5,14-DEC-2000,
JAYSYNTDYE,EQ,6.5,6.9,6.25,6.25,6.25,8.65,1235,8418.75,14-DEC-2000,
JBCHEPHARM,EQ,133.85,134.5,129,129.4,129,130.55,6414,844688.75,14-DEC-2000,
JBFIND,EQ,4,4,3.85,3.85,3.85,3.95,1200,4650,14-DEC-2000,
JCT,EQ,5.05,5.05,4.9,5,5,5.05,80445,404578.75,14-DEC-2000,
JCTELEC,EQ,9,9,7.9,7.95,7.95,8,16001,128573.1,14-DEC-2000,
JENSONICOL,EQ,14.2,14.2,13.8,13.95,13.8,14,39376,554524.1,14-DEC-2000,
JFLABS,EQ,3.2,3.2,3,3.15,3.15,3.1,4200,12860,14-DEC-2000,
JIKINDS,EQ,38.55,38.55,38,38,38,38.45,800,30610,14-DEC-2000,
JINDALDRIL,EQ,75,75,75,75,75,72.95,50,3750,14-DEC-2000,
JINDALFOTO,EQ,38.5,39.4,37.5,37.5,37.5,38.8,11770,447388.5,14-DEC-2000,
JINDALIRON,BE,13.8,14.1,13.65,13.65,13.65,14.15,6359,87545.35,14-DEC-2000,
JINDALSTEL,EQ,204.9,204.9,190,191.1,190,204,31406,6171894.6,14-DEC-2000,
JINDLSTRIP,BE,73.9,73.9,67.2,69.05,67.2,70.35,18317,1294787.05,14-DEC-2000,
JINDVIJSTL,EQ,6.05,6.25,6,6.05,6.05,6.15,102354,629119.55,14-DEC-2000,
JKCORP,EQ,14.05,14.8,14.05,14.8,14.8,14.25,1628,23683.85,14-DEC-2000,
JKIND,EQ,31.25,31.25,29.2,30.1,30.05,29.95,4579,139376.45,14-DEC-2000,
JKPHARMA,EQ,4.85,4.9,4.3,4.35,4.5,4.15,14500,65030,14-DEC-2000,
JKUDYOG,EQ,4,4.15,4,4.15,4.15,3.5,1300,5245,14-DEC-2000,
JMCPROJECT,EQ,33.2,34,33,33,33,33,1350,44790,14-DEC-2000,
JPIND,EQ,42.85,45.4,42.15,43.6,43.5,42.35,937028,40865399.1,14-DEC-2000,
JYOTISTRUC,EQ,35.15,37,35.15,36.2,36.2,36.05,1275,46571.25,14-DEC-2000,
KABRAEXTRU,EQ,30,32.5,30,32.5,32.5,30.15,800,24450,14-DEC-2000,
KAJARIACER,EQ,49,55.55,49,52.6,53,51.5,22296,1167941,14-DEC-2000,
KAKATCEM,EQ,24.95,25.85,24.95,25.85,25.85,23.9,7350,188432.5,14-DEC-2000,
KALECONSUL,EQ,128,128.75,122.5,123.4,123,127.1,178372,22343503.3,14-DEC-2000,
KALYANISHP,EQ,10.7,10.75,10.15,10.5,10.15,10.4,2599,27319.85,14-DEC-2000,
KALYANISTL,EQ,13.8,14.25,13.8,14,14,14,4025,56472.5,14-DEC-2000,
KAMATHOTEL,EQ,12.1,12.1,11,11,11,11.35,1700,19110,14-DEC-2000,
KARURVYSYA,EQ,267.95,267.95,228.25,228.25,228.25,248.1,115350,27257615,14-DEC-2000,
KCP,EQ,19,19,19,19,19,17.85,100,1900,14-DEC-2000,
KECINTL,EQ,20.9,20.9,19.45,19.65,19.9,19.85,133385,2709887.95,14-DEC-2000,
KELVINATOR,EQ,25.1,25.6,24.55,25,25,25.15,31460,793791.75,14-DEC-2000,
KERALACHEM,EQ,25.2,26,25.2,25.9,25.9,24.15,350,8990,14-DEC-2000,
KESORAMIND,EQ,30.95,32.6,30,31.5,31.8,30.25,383033,12110333.6,14-DEC-2000,
KEYCORPSER,EQ,23.25,24,23.25,23.65,24,24.8,400,9425,14-DEC-2000,
KGDENIM,EQ,3.6,3.6,3.4,3.55,3.55,3.5,2500,8805,14-DEC-2000,
KHAITANELE,EQ,16.5,24,16.5,24,24,19.35,1432,27925.2,14-DEC-2000,
KHAITANLTD,EQ,32.4,32.4,32.4,32.4,32.4,30.7,100,3240,14-DEC-2000,
KINETICENG,EQ,86,87,84,86.45,86.45,84.5,1416,121689.55,14-DEC-2000,
KINHONDA,EQ,61.25,63,59.55,60,60.85,61.05,7551,462725.95,14-DEC-2000,
KIRLOSFERR,EQ,4.5,4.5,4,4,4,4.85,2320,9310,14-DEC-2000,
KIRLOSKCUM,EQ,88,88.45,86.5,86.75,86.8,87.9,8258,721533,14-DEC-2000,
KIRLOSOIL,EQ,32.4,32.4,31,31,31,31.05,1644,51388.95,14-DEC-2000,
KITPLYIND,EQ,12.2,12.3,11.95,12,12,12.3,5555,66841.25,14-DEC-2000,
KLGSYSTEL,BE,106,108,104.15,105.8,105.05,104.35,15744,1680031.2,14-DEC-2000,
KOPDRUGS,EQ,72,73,68.35,69,68.55,70.8,33997,2399502.75,14-DEC-2000,
KOPRAN,EQ,107,108,102,103.15,103,103.2,52853,5572880.2,14-DEC-2000,
KOTAKMAH,BE,86.5,90.85,84.15,85.6,85,87.55,24906,2165496.35,14-DEC-2000,
KOTHARIPET,EQ,2.2,2.2,2,2.15,2.15,2,47602,99869.4,14-DEC-2000,
KOTHARIPRO,EQ,101,109,101,108.95,109,103.45,3574,383623.4,14-DEC-2000,
KOTHARISUG,EQ,5.4,5.9,5.4,5.85,5.85,5,1148,6536.7,14-DEC-2000,
KPIT,EQ,71.95,71.95,68.05,68.15,68.05,69.85,14304,997757.15,14-DEC-2000,
KREBSBIO,EQ,120,121.5,115.2,117.35,117,112.75,49547,5929581.55,14-DEC-2000,
KRISHNAENG,EQ,2.45,2.5,2.45,2.5,2.5,2.7,3000,7400,14-DEC-2000,
KRISNAFILA,BE,41.75,41.75,41,41,41,42.5,150,6187.5,14-DEC-2000,
KRONECOMM,EQ,260,264.9,252,254.6,253.2,255.25,10328,2657416.65,14-DEC-2000,
KSBPUMPS,EQ,83.2,83.45,82,82.45,82.25,82,2780,229086.25,14-DEC-2000,
KTKBANK,EQ,89.85,89.85,77.85,78,79.75,84.6,38300,3070717.5,14-DEC-2000,
L&T,EQ,204.45,214.3,204.45,210.5,209.25,203.2,10809135,2261982895.6,14-DEC-2000,
LAKHNNATNL,EQ,26.55,27.5,26.55,27.5,27.5,27,1500,40575,14-DEC-2000,
LAKME,EQ,87,87.5,85.5,85.9,86.1,86.35,21262,1844174.85,14-DEC-2000,
LAKSHAUTO,EQ,25.5,25.5,24.5,24.6,24.6,25.1,1609,39762.9,14-DEC-2000,
LAKSHMILL,EQ,240,241,240,241,241,240,55,13205,14-DEC-2000,
LAKSHVILAS,EQ,58,58,50.15,50.15,50.15,54.5,52000,2697220,14-DEC-2000,
LANCOIND,EQ,5.85,5.95,5.65,5.65,5.65,5.55,1700,9970,14-DEC-2000,
LANESEDA,BE,2.8,2.8,1.9,2.05,2.1,2.05,126778,259959.5,14-DEC-2000,
LANESEDA,EQ,1.95,2.1,1.9,2,2,2,44100,86505,14-DEC-2000,
LAXMIMACH,EQ,1121,1121,1121,1121,1121,1115,1,1121,14-DEC-2000,
LAXMIPREC,EQ,17.9,17.9,15,15.9,15.9,14.6,550,8715,14-DEC-2000,
LCCINFOTEC,BE,38,42.25,35.6,41.4,41.1,36.4,98035,3999700.1,14-DEC-2000,
LEADEDSYS,EQ,412,414.9,395.25,398.85,401.65,409.15,55290,22497603.95,14-DEC-2000,
LGBROS,EQ,41,41,37.85,38.5,38.5,39,3120,120946,14-DEC-2000,
LIBERTSHOE,EQ,79,79.9,77.5,79.15,79.15,78.75,3900,305880,14-DEC-2000,
LICHSGFIN,EQ,32.05,33.7,32,33.2,33.25,33.75,41482,1383929.15,14-DEC-2000,
LLOYDFIN,EQ,2.05,2.05,1.9,2.05,2.05,1.9,35100,68156,14-DEC-2000,
LLOYDSTEEL,EQ,2.45,2.5,2.4,2.45,2.4,2.4,64125,157161.45,14-DEC-2000,
LML,EQ,35.5,35.7,33.5,33.7,33.5,34.2,97754,3333476.35,14-DEC-2000,
LUMAXIND,EQ,37,37,36.55,36.85,36.85,36.2,900,32990,14-DEC-2000,
LUPINCHEM,EQ,25.5,26.5,24.7,25.1,25,24.95,29716,765378.55,14-DEC-2000,
LUPINLAB,BE,268.85,276,261,264.2,263,256.35,36241,9753604.05,14-DEC-2000,
LYKALABS,EQ,43,44.9,42.6,42.85,42.75,41.55,44189,1960923.6,14-DEC-2000,
M&M,EQ,163.9,175,163.9,168.1,168.5,162,2065437,351667574.2,14-DEC-2000,
MAARSOFTW,BE,64.9,65,63,63.1,63.45,64.55,29052,1853924.75,14-DEC-2000,
MADRASALMN,EQ,92,95,92,95,95,91.8,1390,130962.5,14-DEC-2000,
MADRASCEM,EQ,5173,5251,5127,5198.55,5176,5134.4,3322,17261501.5,14-DEC-2000,
MADRASFERT,EQ,8,8.25,8,8.25,8.25,7.85,1300,10665,14-DEC-2000,
MAFATLAFIN,EQ,5.15,5.65,5,5.5,5.5,5.1,7301,38137.5,14-DEC-2000,
MAHAINTL,EQ,16.35,16.4,16,16.2,16.3,16.2,48581,786292.3,14-DEC-2000,
MAHAVIRSPG,EQ,45,45.8,44.6,45.5,45.5,44.65,2692,122206,14-DEC-2000,
MAHINDUGIN,EQ,8.25,8.45,8.05,8.45,8.45,8.1,3080,25504.6,14-DEC-2000,
MAHSCOOTER,EQ,33.25,34.45,33,33.9,34,34.15,1659,56339.7,14-DEC-2000,
MAHSEAMLES,EQ,27.25,27.25,26.4,26.7,26.8,26.5,3000,79996.4,14-DEC-2000,
MAJESAUTO,EQ,19,19,17.5,17.5,17.5,18.55,325,6026.5,14-DEC-2000,
MALWACOTT,EQ,41,41,39.95,40,40,41.9,324,12980.05,14-DEC-2000,
MANALIPET,EQ,4.25,4.25,4.05,4.2,4.2,4.25,4410,18255.5,14-DEC-2000,
MANGLMCEM,EQ,10.45,11.05,10.45,10.8,10.8,10.05,16575,178066.25,14-DEC-2000,
MARALOVER,EQ,24.2,24.5,23.75,23.75,23.75,24,6675,160780,14-DEC-2000,
MARDIACHEM,EQ,10.9,16.5,10.9,14.65,14.65,14.45,2506,39429.55,14-DEC-2000,
MARICOIND,BE,258.95,258.95,252.05,256,256,250.9,660,168757.05,14-DEC-2000,
MASCOT,EQ,312.5,328,307,308.1,309.95,310.35,33847,10741700.35,14-DEC-2000,
MASTEK,EQ,524,539,504,511.6,515,522.9,61470,32083852.85,14-DEC-2000,
MASTERSHAR,EQ,13.4,13.45,13.3,13.35,13.35,13.4,146477,1960322.2,14-DEC-2000,
MATHPLATT,EQ,10.9,10.9,9.65,9.65,9.65,9.2,1450,14550,14-DEC-2000,
MAX,EQ,168.5,168.85,161.25,162.4,162.8,166.05,46924,7771076.5,14-DEC-2000,
MCDOWELL,EQ,97.5,99,95.1,95.7,95.8,96.75,248588,24200249.35,14-DEC-2000,
MEDIAVIDEO,BE,16.95,18.95,16.4,17.5,17.25,16.2,31162,562094.85,14-DEC-2000,
MEDICOTECH,EQ,25.7,25.7,24.6,24.7,24.6,24.75,3340,83890,14-DEC-2000,
MELSTAR,EQ,87,90.95,80.1,84.8,84.9,84.9,138421,12130944.2,14-DEC-2000,
METAZINC,EQ,2.75,3.35,2.75,2.85,2.85,2.75,5900,17360,14-DEC-2000,
METROCHEM,EQ,18.5,18.5,18,18,18,17.7,9300,168475,14-DEC-2000,
MICO,EQ,3456,3500,3456,3500,3500,3549,32,111780,14-DEC-2000,
MILTONPLAS,EQ,32.9,33,31,31,31,33.05,4195,135187.25,14-DEC-2000,
MIRCELECTR,EQ,590,590,574,585.4,585,589.05,14720,8502168.75,14-DEC-2000,
MIRZATAN,EQ,76,78.5,76,77.2,77.75,76.35,3628,281355.55,14-DEC-2000,
MMFORGINGS,EQ,77.9,77.9,74.25,74.25,74.25,78,200,15215,14-DEC-2000,
MODIRUBBER,EQ,50,51,48.6,50.45,51,48.5,732,36360.4,14-DEC-2000,
MONNETISPA,EQ,10.3,10.4,9.9,9.95,10.15,10.95,16200,164665,14-DEC-2000,
MONSANTO,EQ,1125,1125,1025,1026.9,1034,1112.85,1941,2090060.95,14-DEC-2000,
MORARJESPG,EQ,10.8,10.8,7.8,7.8,7.8,8.2,3251,25585.8,14-DEC-2000,
MOREPENHTL,EQ,175.65,176.95,174,174.3,174.3,175.6,28400,4966205,14-DEC-2000,
MOREPENLAB,BE,120.9,121.85,118.5,119.7,119,119.85,1106892,132803019.9,14-DEC-2000,
MORGANSTAN,BE,10.5,10.65,10.4,10.5,10.55,10.5,302172,3183399.3,14-DEC-2000,
MOSERBAER,EQ,333,335.4,320,322.6,323.1,330.2,360492,118632824.8,14-DEC-2000,
MOTHERSUMI,EQ,124,125,122,125,125,120.1,481,59816.5,14-DEC-2000,
MRF,EQ,1240,1240,1192,1200.4,1204,1245.85,1386,1685774.05,14-DEC-2000,
MRO-TEK,EQ,101.9,103.5,98.1,98.35,98.95,100.55,15384,1541762.5,14-DEC-2000,
MRPL,BE,9.95,10.95,9.35,9.45,9.55,9.6,71593,719945.85,14-DEC-2000,
MTAL,EQ,18.25,18.25,16.7,16.75,16.7,17.75,8880,153976.5,14-DEC-2000,
MTNL,EQ,190,193,184.75,185.7,185.5,188.75,1890839,357964238.55,14-DEC-2000,
MUKAND,EQ,29,30,28.9,29,29,28.1,1074,31671.55,14-DEC-2000,
MUKANDENGG,EQ,48,48.5,47.05,47.05,47.05,45.05,975,46768.75,14-DEC-2000,
MUKTAARTS,EQ,273,275.5,266.3,268.75,269.8,273.65,248704,67471267.1,14-DEC-2000,
MUNJALSHOW,EQ,91.3,94.35,91.25,94.35,94.35,90.25,460,42647.75,14-DEC-2000,
MYSORECEM,EQ,11.5,13.65,11.15,11.5,11.35,10.9,19263,230947,14-DEC-2000,
NAGARCONST,EQ,27,27,26,26.25,26.25,26.6,4400,116795,14-DEC-2000,
NAGARFERT,EQ,10,10.2,10,10.2,10.15,10.2,30549,309937.9,14-DEC-2000,
NAGREKAEXP,EQ,18.45,19.1,18.45,18.9,18.75,18.7,2200,41595,14-DEC-2000,
NAHARENTP,EQ,6.5,6.5,6.3,6.4,6.3,6.25,1800,11570,14-DEC-2000,
NAHAREXP,EQ,20,20.4,19.7,19.7,19.7,19.8,23729,474097.3,14-DEC-2000,
NAHARINTL,EQ,5.05,5.05,5,5,5,5,540,2725,14-DEC-2000,
NAHARSPG,EQ,69.9,69.9,63.65,63.8,63.7,66.3,9328,602321.9,14-DEC-2000,
NAMASTEXP,EQ,3.15,3.15,3.15,3.15,3.15,3.3,600,1890,14-DEC-2000,
NAMTECHELE,EQ,9,9.5,8.15,8.55,8.55,8.15,3500,30310,14-DEC-2000,
NATCOPHARM,BE,18,18,18,18,18,13.5,200,3600,14-DEC-2000,
NATCOPHARM,EQ,20.25,22.5,20.25,20.75,21,19.95,14900,315235,14-DEC-2000,
NATHSEEDS,EQ,63.9,68.7,58.5,59.7,60.15,59.55,754460,48252565.4,14-DEC-2000,
NATIONALUM,EQ,47.7,49,47.25,47.85,47.55,47.2,171360,8249975.35,14-DEC-2000,
NATNLSTEEL,EQ,3.85,3.85,3.5,3.5,3.5,3.55,4859,17313.3,14-DEC-2000,
NAVBARFERO,EQ,15.25,15.25,14.85,14.85,14.85,14,2,30.1,14-DEC-2000,
NAVNETPUBL,BE,164.25,178,158,165.45,178,154,21441,3533990.8,14-DEC-2000,
NEDUNGBANK,EQ,110,110,107,107.95,109.5,107,4220,454399.15,14-DEC-2000,
NELCO,EQ,28.25,28.95,26.65,26.85,27.45,28.95,32635,901638.75,14-DEC-2000,
NEOCURTHER,EQ,6.35,6.95,5.85,5.85,5.9,5.9,61162,392331.9,14-DEC-2000,
NEPCAGRO,EQ,3.95,4,3.9,3.95,3.95,4.1,1444,5686.6,14-DEC-2000,
NEPCMICON,EQ,2.4,2.45,2.35,2.45,2.45,2.45,18565,45017.75,14-DEC-2000,
NEPCTEX,BE,2.25,2.9,2.25,2.9,2.9,2.85,1001,2902.25,14-DEC-2000,
NEPCTEX,EQ,2.25,2.35,2.25,2.3,2.25,2.2,1800,4150,14-DEC-2000,
NESTLE,EQ,522,533,515.15,520.25,515.15,524.4,59335,31196846.45,14-DEC-2000,
NETVISTAIT,BE,13,13,12.8,12.8,12.8,12.6,2550,33030,14-DEC-2000,
NEULANDLAB,EQ,82.5,85.4,79.25,79.85,79.3,80.8,46697,3862075.4,14-DEC-2000,
NEYVELILIG,EQ,8.5,8.9,8.4,8.5,8.55,8.65,60250,522620,14-DEC-2000,
NICCOCORP,EQ,8,8.05,8,8,8,8,1700,13610,14-DEC-2000,
NICOLASPIR,EQ,390,390,375,377.45,375.1,379.3,18718,7181508.35,14-DEC-2000,
NIIT,EQ,1900,1916,1830,1840.7,1844,1896.8,389161,726632928.65,14-DEC-2000,
NILKAMPLST,EQ,50.5,52.5,49.5,50.1,50,50.25,10370,528308.85,14-DEC-2000,
NIPPOBATRY,EQ,203.6,210.6,203.6,210.6,210.6,195,25,5258,14-DEC-2000,
NIPPONDENR,EQ,5.15,5.15,4.15,4.35,4.3,4.25,23872,102966.65,14-DEC-2000,
NIPPONDENS,EQ,16.3,16.6,15.9,15.9,15.9,16.1,4413,71745.95,14-DEC-2000,
NIRLON,EQ,4,4,3.8,3.8,3.8,4,6675,25917.5,14-DEC-2000,
NIRMA,EQ,779.95,779.95,768.25,770.15,770,772.65,8943,6918412.3,14-DEC-2000,
NOCIL,EQ,17.95,18,16.55,16.75,16.7,17.5,85066,1448872.85,14-DEC-2000,
NOVAPETRO,EQ,54.05,55,54,54,54,55.8,3551,193514.05,14-DEC-2000,
NOVARTIND,EQ,551.05,563.8,535,538.3,540,554.85,26337,14487758.45,14-DEC-2000,
NRBBEARING,EQ,51,51,49,49,49,50,200,10000,14-DEC-2000,
NUCHEM,EQ,3.45,3.45,3,3.1,3.1,3,4800,14790.45,14-DEC-2000,
OBERHOTEL,EQ,18.1,18.1,18.1,18.1,18.1,18,200,3620,14-DEC-2000,
OENCONNECT,EQ,215,217.4,214.1,214.6,214.85,215.15,19009,4095143.45,14-DEC-2000,
OILCOUNTUB,EQ,10.45,10.8,10,10.1,10.1,9.75,6711,69292.35,14-DEC-2000,
ONGC,EQ,126.9,127.9,125,125.35,125,126.3,36373,4576181,14-DEC-2000,
ORCHIDCHEM,BE,118,118.5,114,115.2,116,115.15,22280,2594840.05,14-DEC-2000,
ORIENTBANK,EQ,38.45,38.45,36.4,36.7,36.4,37.1,145823,5432107.1,14-DEC-2000,
ORIENTCONT,EQ,32,32,32,32,32,31,100,3200,14-DEC-2000,
ORIENTHOT,EQ,86.25,89,86.25,87.55,87.55,88.25,675,59378.75,14-DEC-2000,
ORIENTINFO,EQ,176.9,176.9,165.6,167.15,168,175.8,104081,17896479.35,14-DEC-2000,
ORIENTPPR,EQ,23.05,24.1,23,23.4,23,22.7,6050,142165,14-DEC-2000,
ORISSACEM,EQ,51.2,51.2,51.2,51.2,51.2,47.75,1,51.2,14-DEC-2000,
OSWALAGRO,EQ,6.25,6.9,5.9,5.9,5.9,6.1,43077,268158.15,14-DEC-2000,
OTIS,EQ,300,300,296,299,299,298.25,619,184699,14-DEC-2000,
OUDHSUG,EQ,15.75,15.75,14.55,14.55,14.55,15,1099,17190.45,14-DEC-2000,
P&G,EQ,627,668,625,635.6,636.7,627.5,23570,15305155.05,14-DEC-2000,
PADMINPOLY,EQ,46.95,51.75,46.1,48.8,48.95,46.65,7162335,355154514.55,14-DEC-2000,
PANACEABIO,EQ,415,435.2,415,435.2,435.2,402.95,2094,907049.75,14-DEC-2000,
PAPERPROD,EQ,73,73,72,72,72,71.25,1530,110570,14-DEC-2000,
PAREKHPLAT,EQ,32,34,32,32.5,32.25,32.1,14300,472384.8,14-DEC-2000,
PARKEDAVIS,EQ,292.9,294,284.15,285.2,284.25,286.95,26740,7740369.6,14-DEC-2000,
PARRYAGRO,EQ,60,63,60,62.45,63,61.35,650,40590,14-DEC-2000,
PARRYSCON,EQ,63,68.8,62.5,65,65,67,457,29919.1,14-DEC-2000,
PASUPTACRY,EQ,2,2,2,2,2,2,500,1000,14-DEC-2000,
PATSPINLTD,EQ,5.5,5.5,5.15,5.2,5.2,5.5,1500,8095,14-DEC-2000,
PDUMJEPULP,EQ,25.35,25.75,25.25,25.35,25.35,26,274,6948.4,14-DEC-2000,
PEACOCKIND,EQ,8.4,12.2,8.35,11.2,10.8,8.15,174980,1846196,14-DEC-2000,
PEARLENGIN,EQ,2.45,2.7,2.45,2.65,2.65,2.35,1300,3365,14-DEC-2000,
PEARLGLOBL,EQ,9.25,9.3,9.25,9.25,9.25,9,500,4635,14-DEC-2000,
PEARLPOLY,EQ,7.1,7.75,7.1,7.5,7.75,6.8,2670,19669.5,14-DEC-2000,
PEERLESHIP,EQ,74.85,84,74.5,80.1,80.6,76.6,126320,9995423.9,14-DEC-2000,
PENARSTEEL,EQ,2.7,3.15,2.7,3.15,3.15,3.3,5800,18035,14-DEC-2000,
PENNARALUM,EQ,3.5,4,3.5,3.8,3.8,3.6,222403,853564.5,14-DEC-2000,
PENTACOMMU,BE,234.95,238,222,223.25,222,232.85,81231,18465652.75,14-DEC-2000,
PENTFRSOLC,EQ,9.9,10,9.15,9.7,9.65,9,5900,58355,14-DEC-2000,
PENTSFWARE,EQ,383,384.75,367.7,370,369.25,382.5,4336153,1635042623.85,14-DEC-2000,
PETRONENGG,EQ,19.8,19.9,19.7,19.75,19.75,19.75,1246,24652.7,14-DEC-2000,
PFIZER,EQ,684,689.9,671.05,673.8,677.5,673.8,40156,27345839.6,14-DEC-2000,
PHILCORP,EQ,16.9,17,16.15,16.2,16.15,16.45,3921,64568.9,14-DEC-2000,
PHILIPS,EQ,92,95.75,90,94.4,94.3,95.25,24470,2319956.85,14-DEC-2000,
PHOENIXLMP,EQ,6.85,6.95,6.4,6.95,6.95,6.8,19380,129034,14-DEC-2000,
PHOENXINTL,EQ,16,16.3,16,16.05,16.05,15.3,360,5785.5,14-DEC-2000,
PIDILITIND,EQ,279,285,275,275.95,278.9,275.2,9054,2523817.85,14-DEC-2000,
PNBGILTS,EQ,14.6,14.6,14,14.1,14.1,14.25,13200,186788.1,14-DEC-2000,
PNC,EQ,169,169,156.25,156.25,156.25,169.8,58849,9407504.1,14-DEC-2000,
POLARIND,EQ,18.65,18.75,18.65,18.75,18.75,19,300,5610,14-DEC-2000,
POLARIS,EQ,608,613,570.3,573.35,578.5,602.75,89978,53075615.55,14-DEC-2000,
POLYCHEM,EQ,4.1,4.15,3.7,3.95,3.95,3.5,1890,7393,14-DEC-2000,
POLYPLEX,EQ,16.4,19.85,16.4,19.35,18.55,15.9,44300,820010,14-DEC-2000,
PRAJIND,EQ,18.5,18.5,18.5,18.5,18.5,17.7,100,1850,14-DEC-2000,
PRAKASH,EQ,2.45,2.45,2.3,2.3,2.3,2.3,1100,2550,14-DEC-2000,
PRECOTMILL,EQ,52,52,52,52,52,52.05,500,26000,14-DEC-2000,
PREMAUTO,EQ,5.7,7.45,5.7,7.45,7.45,7.75,301,1717.45,14-DEC-2000,
PREMAUTOEL,EQ,4.45,4.45,4.4,4.4,4.4,4.1,300,1325,14-DEC-2000,
PREMINSTR,EQ,110,111,110,110,110,111,433,47730,14-DEC-2000,
PRESSMAN,EQ,6,7.45,6,6.5,6.5,7,3053,20441.65,14-DEC-2000,
PRIMESEC,EQ,15.9,16.5,15.75,16.25,16.3,16.1,25510,413448,14-DEC-2000,
PRISMCEM,BE,7.4,8,7.05,7.65,7.8,7.25,149925,1165507.9,14-DEC-2000,
PRIYADCEM,EQ,20,21.4,20,20.5,20.3,19.25,32300,667215,14-DEC-2000,
PSIDATASYS,EQ,405,407,382,385.35,385,402,34112,13433990.7,14-DEC-2000,
PSLHOLD,EQ,25.1,25.65,25.1,25.3,25.3,25.7,1300,33015,14-DEC-2000,
PUNALKALI,EQ,7,7,6.25,6.3,6.25,6.35,3400,21995,14-DEC-2000,
PUNANDLAMP,EQ,85,95,85,94.55,94.5,92.25,1384,129078,14-DEC-2000,
PUNJABCHEM,EQ,47.7,51.5,47.7,49.05,48.75,47.75,2588,128880,14-DEC-2000,
PUNJABTRAC,EQ,210,212.05,208.2,208.5,208.5,210.6,49955,10548657.3,14-DEC-2000,
PUNJCOMMU,EQ,80,80.6,77.15,77.35,77.35,78.7,14865,1175916.75,14-DEC-2000,
RADICOKHAI,BE,27.95,30.25,27.95,30.25,30.25,27.1,249,7372.5,14-DEC-2000,
RADICOKHAI,EQ,29.9,29.9,28.5,28.5,28.5,28,4000,114935,14-DEC-2000,
RAINCALCIN,EQ,6.6,6.8,6.5,6.65,6.65,6.55,10901,72806.75,14-DEC-2000,
RAJASSPG,EQ,21.25,21.5,20.05,20.05,20.05,20.05,12182,248813.25,14-DEC-2000,
RAJSREESUG,EQ,8.1,8.2,8,8.2,8.2,8,11500,92695,14-DEC-2000,
RALLIS,BE,70,70,66,66,66,72.5,700,47000,14-DEC-2000,
RALLIS,EQ,67.9,67.95,62,64.2,64.3,67.2,4300,278025,14-DEC-2000,
RAMADHOTEL,EQ,10.55,10.55,10.55,10.55,10.55,11.45,100,1055,14-DEC-2000,
RAMANEWSPR,EQ,8.55,8.9,7,8.6,8.6,8.7,48961,429105.85,14-DEC-2000,
RAMCOIND,EQ,195.5,199,189,189.9,189,193.9,2800,542832.5,14-DEC-2000,
RAMCOSYS,EQ,999,999,925,933.3,949,934.4,1594,1519744.25,14-DEC-2000,
RANBAXY,EQ,758,779,758,761,761,757.95,1079984,830884143,14-DEC-2000,
RANEBRAKE,EQ,55.1,58.95,55.1,57.45,58.95,54.9,4,225.15,14-DEC-2000,
RANEMADRAS,EQ,39.5,39.5,37.1,37.15,37.15,40,1300,49755,14-DEC-2000,
RASLAMIPAK,EQ,7.6,7.6,6.15,6.2,6.2,6.4,15704,99822.1,14-DEC-2000,
RAYMOND,EQ,126,126.6,121.8,122.4,121.9,125.15,490151,60848380.1,14-DEC-2000,
RAYMONDSYN,EQ,4.9,5.2,4.9,5.2,5.2,5,13000,65240,14-DEC-2000,
RCF,EQ,8.05,8.6,8.05,8.3,8.35,8.2,48497,408049.55,14-DEC-2000,
REALVALAPL,EQ,3.9,3.9,3.65,3.8,3.8,3.9,1700,6460,14-DEC-2000,
RECKCOLMAN,EQ,294,296,275.9,277.2,278,286.05,30142,8674188.65,14-DEC-2000,
REGENCERAM,EQ,12.5,13,12.5,12.75,12.75,13,1350,17212.5,14-DEC-2000,
RELCAPITAL,EQ,101.75,104.75,100.75,101.3,101,101.1,2913449,300438756.85,14-DEC-2000,
RELIANCE,EQ,347.9,352.8,345,346.3,345.25,347.4,6316696,2208806869.95,14-DEC-2000,
RELPETRO,EQ,61.35,62.15,60.25,60.65,60.3,61.15,5094331,313339230.45,14-DEC-2000,
RELPETRO,W4,58.55,59.4,58,58,58,58.7,16300,956710,14-DEC-2000,
REMIMETAL,EQ,1.05,1.05,1.05,1.05,1.05,1.65,100,105,14-DEC-2000,
REVL,EQ,30.4,32.25,30.4,31.95,32.25,30.4,350,11032.5,14-DEC-2000,
RHONEPOULN,EQ,862,862,831,832.85,832,860.35,21434,18040270.65,14-DEC-2000,
RICOAUTO,EQ,180,180,173,173,173,188,200,35200,14-DEC-2000,
RIIL,EQ,41.9,44.9,41.9,42.45,42.75,41.7,14739,643425.1,14-DEC-2000,
ROLTA,EQ,239.95,239.95,230.3,232.1,231.7,238.25,1393275,328747919.3,14-DEC-2000,
ROOFITIND,EQ,122,122,121,121.5,121,124.1,200,24300,14-DEC-2000,
RPGTELECOM,EQ,32.4,32.5,29.15,29.6,29.9,30.2,25527,788803.9,14-DEC-2000,
RRMEDIPHAR,EQ,17.95,21.45,17,18.7,18.65,17.2,21300,404450,14-DEC-2000,
RSSOFTWARE,EQ,233,235.95,225,226,227,232.4,25696,5905912.95,14-DEC-2000,
RUBFILINTL,EQ,3.4,3.4,3.4,3.4,3.4,3.25,100,340,14-DEC-2000,
RUCHISOYA,EQ,44.75,46,44.05,45.6,44.1,44.75,2460,111436.5,14-DEC-2000,
RUPANGIMPX,BE,18.45,18.45,17.1,17.1,17.1,18.5,890,15374,14-DEC-2000,
RUPANGIMPX,EQ,14.6,15.1,14.6,14.85,14.85,14.75,18600,277595,14-DEC-2000,
S&SPOWER,EQ,8.15,8.15,8.15,8.15,8.15,9.4,100,815,14-DEC-2000,
SABERORGAN,EQ,5.65,6,5.65,5.85,5.85,5.55,2900,17095,14-DEC-2000,
SAELTD,EQ,10.75,11.25,10.7,10.9,10.9,11.5,695,7599.5,14-DEC-2000,
SAGARCEM,EQ,10,11.75,10,10.9,10.9,9.9,9700,105325,14-DEC-2000,
SAIL,EQ,6.95,7,6.8,6.8,6.8,6.9,516624,3555636.75,14-DEC-2000,
SAKHTISUG,EQ,8.6,8.6,8.5,8.5,8.5,8.65,1000,8520,14-DEC-2000,
SALORAINTL,EQ,81.65,83,78.1,78.3,79,80.25,9616,772887.85,14-DEC-2000,
SAMTEL,EQ,37.5,38.65,37.05,38.05,38.05,37.25,11526,438924.3,14-DEC-2000,
SANDESH,EQ,143.65,145.65,143,143,143,144.05,2741,394437.55,14-DEC-2000,
SANDVIKAS,EQ,765,765,691,691,691,723.75,56,40131,14-DEC-2000,
SARASIND,EQ,24.9,24.9,24.9,24.9,24.9,23.3,350,8715,14-DEC-2000,
SATNAMOVER,EQ,19.1,19.85,19.05,19.2,19.2,19.6,710,13788.5,14-DEC-2000,
SATYAMCOMP,EQ,405.3,407.6,388.65,391.1,390.15,403.5,17414167,6936155513.7,14-DEC-2000,
SAURASHCEM,EQ,16.5,17,16.45,16.5,16.5,15,1775,29483.75,14-DEC-2000,
SAVITACHEM,EQ,37,39.7,37,39.7,39.7,39.9,700,27215,14-DEC-2000,
SAWPIPES,EQ,49.25,49.95,43,43,43,46.7,229934,10078299,14-DEC-2000,
SB&TINTL,EQ,28.8,28.8,28.6,28.7,28.7,28.05,1100,31590,14-DEC-2000,
SBBJ,EQ,298,305,293,293.35,293,297,255,76316,14-DEC-2000,
SBIHOMEFIN,EQ,9.4,9.65,9.4,9.65,9.65,9.7,300,2870,14-DEC-2000,
SBIN,EQ,200.4,205.4,197,198.1,197.25,199.2,2546374,515286342.05,14-DEC-2000,
SBT,EQ,230,237,225,237,237,238,100,23283,14-DEC-2000,
SCI,EQ,27.4,29.55,27.3,28.2,28,27.35,710089,20563830.9,14-DEC-2000,
SCINTSOFT,EQ,5.25,5.25,4.75,4.85,4.9,4.8,345362,1739869.4,14-DEC-2000,
SEARCHEMIN,EQ,8.5,8.5,8.3,8.3,8.3,8.55,600,5080,14-DEC-2000,
SEARLEIND,EQ,48.35,48.35,45,46,45,47.5,23496,1116550.8,14-DEC-2000,
SESAGOA,EQ,80.3,81,78.1,78.6,78.55,79.6,29116,2321108.95,14-DEC-2000,
SESHAPAPER,EQ,23,24,23,23,23,23.25,700,16307.5,14-DEC-2000,
SHAKTIGAS,EQ,4.8,4.85,4.75,4.85,4.85,4.7,10000,47960,14-DEC-2000,
SHALMPAINT,EQ,54.9,54.9,54.9,54.9,54.9,55,100,5490,14-DEC-2000,
SHAMKNFAB,EQ,0,0,0,23.6,19.5,23.75,100,2360,14-DEC-2000,
SHAMKNSPIN,EQ,9.7,9.9,9.45,9.5,9.5,9.55,28400,277160,14-DEC-2000,
SHANTIGEAR,EQ,43.25,46,43,45.55,45.55,45.1,700,31255,14-DEC-2000,
SHASUNCHEM,EQ,97,100,89.65,90.8,90,93.1,49797,4702825.7,14-DEC-2000,
SHAWGELTIN,EQ,29.45,29.45,28,29.45,29.45,29.45,325,9317.5,14-DEC-2000,
SHREECEM,BE,59,59.9,55,55.55,55.15,58.05,59721,3371836.8,14-DEC-2000,
SHREEKRPET,EQ,18.95,18.95,17.7,18.25,18.4,18.25,8954,161268.85,14-DEC-2000,
SHREEKRPOL,EQ,7.2,7.3,7.05,7.1,7.1,7.1,29235,210323.5,14-DEC-2000,
SHREERAMA,EQ,69,69.2,67.55,68,67.55,69.05,13629,934871.75,14-DEC-2000,
SHRENUJ,EQ,58.1,60,57.4,59,59,59.9,2641,156238,14-DEC-2000,
SHREYASHIP,EQ,3,3,3,3,3,3.5,100,300,14-DEC-2000,
SHRIRAMINV,EQ,7,7,6.6,6.65,6.6,7.5,1950,13375,14-DEC-2000,
SHRIYAMSEC,EQ,7,7.5,7,7.5,7.5,6.75,399,2893,14-DEC-2000,
SHRMHONDA,EQ,70.5,70.5,68.5,68.5,68.5,72,2625,181816.25,14-DEC-2000,
SHYAMTELE,EQ,294.9,300,281,284.5,285.5,290.1,287467,83542872.15,14-DEC-2000,
SICAL,EQ,17.7,18.25,17.6,17.65,17.65,17.5,1211,21475.5,14-DEC-2000,
SIEMENS,EQ,318,322.95,315,316.7,316.5,315,72833,23188416.1,14-DEC-2000,
SIERRAOPT,EQ,280,282.5,268,269.7,270,278.65,4067,1115518.4,14-DEC-2000,
SILVERLINE,EQ,328.9,329.4,316.5,318.2,317,326.85,5651546,1828587311.15,14-DEC-2000,
SINGER,BE,20,20,20,20,20,20,100,2000,14-DEC-2000,
SINGER,EQ,16.7,16.7,16.7,16.7,16.7,18.15,200,3340,14-DEC-2000,
SINTEX,EQ,28.9,28.9,28.9,28.9,28.9,27.5,50,1445,14-DEC-2000,
SIRPAPER,EQ,28.5,28.5,27.05,27.3,27.25,27.25,1300,35840,14-DEC-2000,
SIVIND,EQ,3,5.2,3,4.8,4.8,4.65,701,3352.75,14-DEC-2000,
SIYARSILK,EQ,48,51.95,45.5,46,46,48.15,2250,107815.95,14-DEC-2000,
SKFBEARING,EQ,379,379,365,365.3,365,369.05,6627,2441746.25,14-DEC-2000,
SKUMARSYNF,EQ,10.75,12,10.75,11.6,11.7,10.5,24875,287189.25,14-DEC-2000,
SKUPOWER,EQ,8.25,8.45,8.05,8.15,8.15,8.1,20501,168370.8,14-DEC-2000,
SMDYECHEM,EQ,3.3,3.3,3,3.2,3.2,3,17764,55082.25,14-DEC-2000,
SMITHKLPHA,EQ,205.8,207.2,202.5,203.3,204,203.95,48369,9942292.8,14-DEC-2000,
SMITKLBECH,EQ,443,447.85,441,442.95,445,440.85,15447,6860451.4,14-DEC-2000,
SNOWCEMIND,EQ,67.95,69.95,67.4,68.2,68.05,67.3,9275,639377.15,14-DEC-2000,
SOFTPRO,EQ,24.85,27.35,24.85,26.9,26.9,26.5,1577,42183,14-DEC-2000,
SOFTSOLINT,EQ,1862.1,1896.95,1810,1822.15,1825,1876.7,812075,1504059855.2,14-DEC-2000,
SOFTTECHGR,EQ,167.1,178,167.1,173.1,173,165.9,10465,1804315.8,14-DEC-2000,
SOMATEX,EQ,1.9,1.9,1.9,1.9,1.9,2,100,190,14-DEC-2000,
SONATSOFTW,EQ,66.95,69.4,61.1,62.1,62,65.1,1400938,92794927.15,14-DEC-2000,
SOUNDCRAFT,EQ,504,507.5,501,501.9,502,502.35,6325,3194521.25,14-DEC-2000,
SOUTHBANK,EQ,25.6,25.65,24.3,24.65,25,23.75,67400,1703590,14-DEC-2000,
SOUTHNHERB,BE,20.9,21,20.9,21,21,20.5,1300,27265,14-DEC-2000,
SOUTHNHERB,EQ,17,18.5,16.5,17.75,18.05,16.8,15600,278985,14-DEC-2000,
SPECIALSTL,EQ,17.4,18.6,17,17.8,17.8,16.2,39070,704334.7,14-DEC-2000,
SPIC,EQ,13.1,13.45,12.9,12.95,13.1,13.1,27341,359612.1,14-DEC-2000,
SPICELEC,EQ,15,15.2,14.25,14.35,14.25,14.45,45768,672210.7,14-DEC-2000,
SPICFINE,EQ,51.5,54.25,51.5,52.6,52.35,53.05,22434,1195435.9,14-DEC-2000,
SQRDSFWARE,EQ,515.1,524,500.35,503.7,502.1,514.35,8637762,4439707634.4,14-DEC-2000,
SQUAREDBIO,EQ,236,244,226,229,229.95,235.05,1328490,313061837.35,14-DEC-2000,
SREINTFIN,EQ,9.75,10,9.25,10,10,9.85,1701,16105,14-DEC-2000,
SRF,EQ,25.4,25.4,24.25,24.55,24.25,24.95,24077,592593.25,14-DEC-2000,
SRGINFOTEC,BE,0.65,0.8,0.65,0.7,0.7,0.65,10204,6797.9,14-DEC-2000,
SRGINFOTEC,EQ,0.65,0.7,0.6,0.6,0.65,0.65,2714738,1764451.65,14-DEC-2000,
SRIADIKARI,BE,285,285,269,272.5,274,280.45,9477,2642300.4,14-DEC-2000,
SRICHAKTYR,EQ,36.6,36.6,35.35,35.4,35.4,35.3,1800,64735,14-DEC-2000,
SRIVISHCEM,EQ,92.25,92.25,88.35,88.35,88.35,92.05,2,180.6,14-DEC-2000,
SRTRANSFIN,EQ,6.6,6.75,5.7,5.9,5.9,6.9,3583,22555.6,14-DEC-2000,
STAR,EQ,172.05,200,172.05,190,190,187,10450,1806650,14-DEC-2000,
STARPAPER,EQ,16.5,16.5,15.3,15.85,15.3,16,499,8104.7,14-DEC-2000,
STDIND,EQ,5.5,5.75,5.2,5.65,5.65,5.45,12657,70231.55,14-DEC-2000,
STERLINTEA,EQ,60.45,60.5,55.1,57.85,57.5,57.15,53900,3191972.5,14-DEC-2000,
STERLITIND,EQ,174.5,175,169,169.95,169.75,174,160297,27639593.25,14-DEC-2000,
STROPTICAL,EQ,1070.25,1097,1038.15,1045.15,1049.8,1075.25,228656,243728595.2,14-DEC-2000,
SUASHDIMON,EQ,41,41,38.5,38.5,38.5,39,700,28200,14-DEC-2000,
SUBHASPROJ,EQ,66,67.5,66,67.25,67.25,64.1,3901,261028.5,14-DEC-2000,
SUBROS,EQ,45,45,43.65,44.05,44,46.2,1000,44287.5,14-DEC-2000,
SULZER,EQ,103,103,103,103,103,102.5,100,10300,14-DEC-2000,
SUMANMOTEL,EQ,7.3,7.3,6.8,6.8,6.8,6.75,2100,14600,14-DEC-2000,
SUNDARMFIN,EQ,103,106.95,103,105,105,103,156,16418.2,14-DEC-2000,
SUNDRMBRAK,EQ,115.1,115.1,115.1,115.1,115.1,115,150,17265,14-DEC-2000,
SUNDRMCLAY,BE,112.25,113.9,111.1,111.1,111.1,112.25,166,18589.9,14-DEC-2000,
SUNDRMFAST,EQ,395,395,364,364,364,390.8,470,179954.25,14-DEC-2000,
SUNEARTH,EQ,191.5,191.5,189.05,190.15,190.5,191,87555,16641720.75,14-DEC-2000,
SUNFLAGIRN,EQ,4.15,4.15,3.8,3.85,3.85,3.9,5951,23990.8,14-DEC-2000,
SUNPHARMA,EQ,568.9,603,568,584.15,582,565.6,179116,105180115.25,14-DEC-2000,
SUPPETRO,EQ,12.95,13.4,12.65,13,13,13,18950,246085.2,14-DEC-2000,
SUPREMEIND,EQ,120,120.85,117.25,118.1,117.25,118.85,7409,879582.5,14-DEC-2000,
SURAJDIAMN,EQ,19.6,20.4,19.5,19.6,19.5,19.9,18595,370668.7,14-DEC-2000,
SURYAGROIL,BE,2.95,2.95,2.5,2.5,2.5,2.1,101,252.95,14-DEC-2000,
SURYAGROIL,EQ,2,2,2,2,2,2.1,100,200,14-DEC-2000,
SURYAROSNI,EQ,19.95,19.95,19,19.1,19.1,19.05,7671,147163.9,14-DEC-2000,
SURYCOTMIL,EQ,8.9,8.9,8.9,8.9,8.9,9,1000,8900,14-DEC-2000,
SWARAJENG,EQ,320,321.6,317.25,317.45,317.25,319,190,60739.25,14-DEC-2000,
SWARAJMAZD,EQ,36,38.3,36,37,37,37.6,124,4570.5,14-DEC-2000,
SWIL,EQ,7,7,7,7,7,7.8,2100,14700,14-DEC-2000,
SYNDIBANK,EQ,10.5,10.5,10.25,10.3,10.3,10.3,214364,2216461.5,14-DEC-2000,
TAINWALCHM,EQ,3.35,3.35,3.35,3.35,3.35,3.9,1000,3350,14-DEC-2000,
TANFAC,EQ,17,17.5,17,17.1,17.1,17,1250,21605,14-DEC-2000,
TATACHEM,EQ,51.4,55.7,51.05,53.85,54.05,51.15,1358186,73249991.95,14-DEC-2000,
TATAELXSI,EQ,115,115.9,108.1,109.85,109,114.35,173635,19617938.05,14-DEC-2000,
TATAFIN,EQ,66.9,66.9,63.1,63.5,63.25,64.45,33078,2136318.4,14-DEC-2000,
TATAHONEY,EQ,219,219,207.3,208,208,205,1839,383524.1,14-DEC-2000,
TATAMETALI,EQ,10.05,10.4,10,10.15,10.15,10.1,6600,67170,14-DEC-2000,
TATAPOWER,EQ,87,92.9,87,90.55,90,87.8,561087,50912418.75,14-DEC-2000,
TATAPRESS,EQ,192,193,182.3,192.75,193,186.2,504,95154.25,14-DEC-2000,
TATATEA,EQ,218.5,223.9,216,217.9,218,215.9,1531536,337206117.55,14-DEC-2000,
TATATELECM,EQ,98.75,99.8,95,97.25,96.3,98.3,64723,6308134.5,14-DEC-2000,
TATATIMKEN,EQ,37,37,35.9,36.65,36.65,36.9,2941,106669.2,14-DEC-2000,
TATAUNISYS,BE,274.9,274.9,248,255.2,248,263.2,2860,735642.25,14-DEC-2000,
TATAVASHIS,EQ,23,23,22.3,22.4,22.3,22.7,16125,365946.25,14-DEC-2000,
TATAYODOGA,EQ,33.5,33.5,33.5,33.5,33.5,34.25,1200,40200,14-DEC-2000,
TELCO,EQ,98.85,102.4,96.5,97.15,97,98.3,3053749,305213042.45,14-DEC-2000,
TELEPHNCAB,EQ,12.8,12.8,11.1,11.3,11.25,10.8,3400,38400,14-DEC-2000,
TFCILTD,EQ,8,8,7.7,7.9,7.9,8.1,3900,31020,14-DEC-2000,
THERMAX,EQ,96.75,96.95,90.65,90.95,91.75,95.35,61936,5788832.7,14-DEC-2000,
THIRUSUGAR,EQ,45,45,43.25,43.25,43.25,42,600,26825,14-DEC-2000,
THOMASCOOK,EQ,345.05,349.9,337.1,339.05,339.5,347.5,5455,1876826.95,14-DEC-2000,
TIMESGUARN,EQ,8,8,7.35,7.35,7.35,7.25,500,3870,14-DEC-2000,
TIMEXWATCH,EQ,12.75,14.5,12.25,13.45,13.5,12.4,62250,850777.1,14-DEC-2000,
TIPSINDLTD,EQ,420,425,401.05,404.4,404,423.85,622574,257677345.8,14-DEC-2000,
TIRUMALCHM,EQ,51,52,48.55,49.35,50,49.2,14577,741471.85,14-DEC-2000,
TISCO,EQ,127.5,130.85,127,127.45,127.55,128.05,2547132,328839916.25,14-DEC-2000,
TITAN,EQ,69.75,69.75,66.2,67.15,67.25,68.95,29293,2003760.65,14-DEC-2000,
TITANOCOMP,EQ,10.75,11.95,10.75,11.55,11.55,10.75,4510,50634.4,14-DEC-2000,
TNPETRO,EQ,18.3,18.7,18.3,18.35,18.3,18.35,22894,423725.2,14-DEC-2000,
TNPL,EQ,38.25,38.3,37,37.2,37.3,37.95,21005,789883.35,14-DEC-2000,
TNTELE,EQ,32.9,33.05,32.5,33.05,33.05,30.6,15200,501770,14-DEC-2000,
TOLANIBULK,EQ,6.5,6.5,6.5,6.5,6.5,5.1,100,650,14-DEC-2000,
TORNTPHARM,BE,185,203,185,190.2,191.65,180,9305,1804164.45,14-DEC-2000,
TORRENGUJ,EQ,18.9,21.4,18,18.75,18.8,18.35,407866,8097547.5,14-DEC-2000,
TORRENGUJ,N2,18,20,18,20,20,16.4,200,3800,14-DEC-2000,
TRAFALHSE,EQ,142,143.5,138,139.3,139.3,138,1715,242872.75,14-DEC-2000,
TRANSCHEM,EQ,12.45,12.45,11,11.15,11.35,11.1,119472,1416020.75,14-DEC-2000,
TRANSPEK,EQ,26.2,28,24.6,27.35,28,26.65,860,22460,14-DEC-2000,
TTKPHARMA,EQ,32.1,36.75,32.1,34.55,34.5,34,4000,141905,14-DEC-2000,
TTKPRESTIG,EQ,20.55,20.7,20,20.1,20.05,20.7,5100,102463.75,14-DEC-2000,
TUBEINVEST,EQ,73.85,73.9,71,71.3,71.85,72.5,4567,329004.5,14-DEC-2000,
TV18,EQ,438,440,405,407.2,406.05,434.9,122372,51311393.6,14-DEC-2000,
TVS-SUZUKI,EQ,180,188.25,180,183.3,184,185.85,9126,1692797.1,14-DEC-2000,
TVSELEC,EQ,88,89.9,81.5,82.25,81.5,87.2,43832,3737901.8,14-DEC-2000,
UBENGG,EQ,16.6,16.8,11.35,11.9,12,14.15,25200,329275,14-DEC-2000,
UCALFUEL,EQ,51.5,54,51.5,53,53,53.1,4840,256841.5,14-DEC-2000,
ULTRMARINE,EQ,113.25,113.25,113.25,113.25,113.25,105,1,113.25,14-DEC-2000,
UNICHEMLAB,BE,188.55,195.5,188.55,194.3,194.35,187.5,2984,576465.05,14-DEC-2000,
UNIFLEX,EQ,22.25,22.6,21.3,21.75,21.75,21.05,8450,187087.6,14-DEC-2000,
UNIONCARBI,EQ,33.55,36,33.5,33.8,33.9,34,7015,242136.05,14-DEC-2000,
UNITECH,EQ,38,40.9,38,39.25,39.55,38,718,28116.9,14-DEC-2000,
UNITEDBREW,EQ,122.5,129.4,118,119.45,120.5,120.95,174917,21545914.8,14-DEC-2000,
UNITEDPHOS,EQ,81.35,82.8,79.1,80.15,80.15,82.1,43071,3502970.95,14-DEC-2000,
UNIVCABLES,EQ,13.1,13.6,13.05,13.55,13.55,14.1,2894,38846.7,14-DEC-2000,
UNIWESTBNK,EQ,47.5,49,46.4,47,47,47.05,3708,176803.95,14-DEC-2000,
UPERGANGES,EQ,23.4,23.4,23.4,23.4,23.4,23.9,99,2316.6,14-DEC-2000,
USHABEL,EQ,65.5,67.25,64,64.6,64.8,65.55,27738,1829533,14-DEC-2000,
USHAINDIA,EQ,8.95,9,8.25,8.6,8.85,8.3,23264,199631.7,14-DEC-2000,
UTIBANK,EQ,46,48.5,46,46.45,46.7,47.6,118830,5651794.05,14-DEC-2000,
UTTAMSTL,EQ,3.05,3.05,3.05,3.05,3.05,3.25,500,1525,14-DEC-2000,
VAMORGANIC,EQ,71.4,74,71.25,73.5,73.25,73.4,1347,98498.7,14-DEC-2000,
VANADYCHEM,EQ,33.5,33.6,32.75,33.1,33.1,33.05,1450,48365,14-DEC-2000,
VARDHMNSPG,EQ,46.2,50,46.2,48.7,48.1,48.65,6128,303993.8,14-DEC-2000,
VARDMNPOLY,EQ,35,35.5,32.95,33,33,33.05,10255,342898.05,14-DEC-2000,
VARUNSHIP,EQ,13.9,13.9,13.6,13.8,13.8,13.95,5600,77365,14-DEC-2000,
VDOCONAPPL,EQ,14.8,15.1,14.2,14.55,14.65,14.95,8841,132001.25,14-DEC-2000,
VDOCONINTL,EQ,51,51.2,49.4,49.65,49.55,50.2,316089,15965305.25,14-DEC-2000,
VDOLEASE,EQ,39.5,39.5,38,38,38,39.5,900,34910,14-DEC-2000,
VESUVIUS,EQ,45,47,45,46,45.6,46.45,4743,219892.95,14-DEC-2000,
VIKASWSP,EQ,670.1,683.65,660.1,669.75,669.5,679.45,231336,156010233.2,14-DEC-2000,
VINDHYATEL,EQ,77.5,78.65,75,75.55,75.5,76.55,11181,857934.25,14-DEC-2000,
VINTAGE,EQ,78.2,81,75.1,77.15,77.5,75,2445,190697.5,14-DEC-2000,
VINYLCHEM,EQ,11.4,11.75,11.25,11.5,11.5,11.8,3403,38490.15,14-DEC-2000,
VIPIND,EQ,24,24.4,24,24.15,24.15,24.4,1450,35118.1,14-DEC-2000,
VISAKAIND,EQ,16.5,17.5,16.5,17.5,17.5,16.3,2952,50531,14-DEC-2000,
VISESHINFO,EQ,63.2,64.25,60.95,61,60.95,62.75,65723,4086287.95,14-DEC-2000,
VISIONLTD,EQ,80.75,83.25,80.25,83.15,83.25,80.95,34950,2838707.5,14-DEC-2000,
VISUALSOFT,BE,905,910,860.05,872.15,871,902.45,5678,5085090.5,14-DEC-2000,
VLSFINANCE,EQ,19,20.8,17,17.2,17,18.75,173542,3240812.85,14-DEC-2000,
VOLTAS,EQ,42.5,44.7,42.5,43.25,43.3,42.55,125352,5448560.95,14-DEC-2000,
VSNL,EQ,342,342,311.1,315.55,316.85,337.25,376878,122714187,14-DEC-2000,
VSTIND,EQ,127,129.95,115,116.6,118.95,120.5,9172,1113165.3,14-DEC-2000,
VXL,EQ,6.4,6.85,6.15,6.55,6.5,6.25,13949,91331.05,14-DEC-2000,
VXLINSTR,EQ,85.1,90,84.05,85.3,84.55,87.6,4181,366253.8,14-DEC-2000,
VYSYABANK,EQ,148,153,133.95,133.95,133.95,145.6,46307,6640614.5,14-DEC-2000,
WARRENTEA,EQ,129.2,133.7,129,129,129,128.8,1075,139549,14-DEC-2000,
WARTSILA,EQ,127.7,130,124.5,125.3,126.1,126.9,45969,5855701.2,14-DEC-2000,
WATERBASE,EQ,6.6,7,6.6,7,7,7,2700,18690,14-DEC-2000,
WELLWININD,EQ,51.85,52,50.1,50.25,50.4,51.05,13952,713466.5,14-DEC-2000,
WELSPUNPOL,EQ,33.5,36,33.5,35.85,35.9,35,51020,1783161.25,14-DEC-2000,
WESTHATCH,EQ,65,65,59.25,59.85,59.25,61.45,6709,411130,14-DEC-2000,
WIDIA,EQ,85.7,90,85.7,87.8,88,87.9,1551,136824.9,14-DEC-2000,
WIMCO,EQ,10,10.5,9.65,9.75,9.75,9.8,1700,17040,14-DEC-2000,
WIMPLAST,EQ,43,43,41.2,41.2,41.2,42.45,1650,70375,14-DEC-2000,
WIPRO,EQ,3025,3039.8,2916.65,2939.85,2948,3010.45,471458,1403497256.35,14-DEC-2000,
WOCKLIFE,EQ,36.9,36.9,34.8,34.95,35.25,35.9,81213,2899974.8,14-DEC-2000,
WOCKPHARMA,EQ,447.9,454,436.25,439.65,437.05,441.9,191993,85803341.9,14-DEC-2000,
WYETHLEDE,EQ,344.9,360,344.9,345.85,345,340.5,1536,538701.5,14-DEC-2000,
YOKOGAWA,EQ,67.3,68.5,62.7,63.3,62.8,68.15,4875,315202.5,14-DEC-2000,
ZANDUPHARM,EQ,3075,3100,3050,3061.2,3050,3011.5,99,303304.5,14-DEC-2000,
ZEETELE,EQ,323.8,332.4,323.05,327.6,327,320.7,18149115,5958928798.1,14-DEC-2000,
ZENITHCOMP,EQ,43.9,44.5,43.2,43.35,43.45,43.45,12510,549924.5,14-DEC-2000,
ZENITHINFO,EQ,71.8,76.8,71.8,73.1,73.2,74.45,26655,1990395.3,14-DEC-2000,
ZODIACLOTH,EQ,81.5,81.5,80.1,81,81,81.35,425,34465,14-DEC-2000,
ZODJRDMKJ,EQ,16.25,16.25,16.25,16.25,16.25,16,100,1625,14-DEC-2000,
ZUARIAGRO,EQ,28,28,27,27.2,27.2,27.5,8204,225108.9,14-DEC-2000,
