SYMBOL,SERIES,OPEN,HIGH,LOW,CLOSE,LAST,PREVCLOSE,TOTTRDQTY,TOTTRDVAL,TIMESTAMP,
20MICRONS,EQ,23.05,23.3,22.65,22.95,23.2,22.7,8875,203536.2,17-JUL-2009,
3IINFOTECH,EQ,71,73.8,70.75,72.15,72.25,70.2,887164,64095337.05,17-JUL-2009,
3MINDIA,EQ,1300.05,1328.85,1298,1298,1298,1298,76,98958.15,17-JUL-2009,
AARTIDRUGS,EQ,54.25,55.7,53.2,55.1,55.1,54.35,4970,273959.45,17-JUL-2009,
AARTIIND,EQ,40,40,37.5,38.2,38.15,38.9,25561,986280.65,17-JUL-2009,
AARVEEDEN,BE,22.5,22.5,22.5,22.5,22.5,22.95,200,4500,17-JUL-2009,
ABAN,EQ,701,878.3,701,856.75,858.9,844.45,4153408,3580527179.8,17-JUL-2009,
ABB,EQ,707.95,723.95,695.65,713.55,712,701.25,394101,281482122.85,17-JUL-2009,
ABCIL,EQ,54,57.6,54,57,56.8,55.4,6010,335280.85,17-JUL-2009,
ABGSHIP,EQ,179.4,184,178,179.75,180.5,175.5,62569,11294166.45,17-JUL-2009,
ABHISHEK,BE,18.55,19.5,18.5,18.95,18.95,19.4,2031,38270.85,17-JUL-2009,
ABIRLANUVO,EQ,840,890,830,853.25,851.45,827.25,93253,80738493.6,17-JUL-2009,
ABSHEKINDS,EQ,10.55,10.55,10,10.3,10.45,10.05,22918,235657.5,17-JUL-2009,
ACC,EQ,793.85,821,790,810.75,821,794.65,660577,529497142.7,17-JUL-2009,
ACE,EQ,27.95,27.95,26.5,27.3,27.1,27,206609,5609013.05,17-JUL-2009,
ACKRUTI,EQ,511,525,506.35,511.65,509.1,500.8,146432,75235557.9,17-JUL-2009,
ADANIENT,EQ,812,824.4,801.05,806.1,810,803.3,128466,104056695.55,17-JUL-2009,
ADHUNIK,EQ,88.2,92.15,88.2,92.1,92.05,87.75,664946,61026350.1,17-JUL-2009,
ADLABSFILM,EQ,330,342,322,334.85,335.95,329.45,3392183,1116485966.6,17-JUL-2009,
ADORWELD,EQ,131.5,132,127.2,127.85,127.85,129.8,2659,344422.45,17-JUL-2009,
ADSL,EQ,305,320,304.5,309.45,308,302.4,32824,10267114.1,17-JUL-2009,
ADVANIHOTR,BE,38,39,38,39,39,40,383,14754,17-JUL-2009,
ADVANTA,EQ,587.5,624,584,587.5,586,586.1,17372,10470796.65,17-JUL-2009,
AEGISCHEM,EQ,113,117.4,113,115.25,115.85,114.2,5326,615801.1,17-JUL-2009,
AFL,EQ,50.35,50.7,47,47.35,47.3,48.8,16627,805381.05,17-JUL-2009,
AFTEK,BE,14.8,14.85,13.9,14.4,14.2,14.25,180591,2594581.55,17-JUL-2009,
AGRODUTCH,BE,10.5,11.35,10.5,11.35,11.05,10.85,10560,116473.85,17-JUL-2009,
AHMEDFORGE,EQ,44.05,46.85,44.05,45.45,45.4,44.2,11757,535635.65,17-JUL-2009,
AIAENG,EQ,214,219.4,211.55,217.8,218.9,211.85,51909,11222761.85,17-JUL-2009,
AICHAMP,BE,22.5,22.5,22.25,22.25,22.25,23.4,202,4495,17-JUL-2009,
AJANTPHARM,BE,82.5,86.35,82.5,84.25,84.25,84.5,1800,153170,17-JUL-2009,
AJMERA,EQ,179.5,182.9,174.2,177.3,177,176.3,46329,8325738,17-JUL-2009,
AKSHOPTFBR,EQ,14.2,15.25,13.8,15.25,15.25,13.85,86540,1313235.8,17-JUL-2009,
ALBK,EQ,79,79.95,78.4,79.2,79.25,78.35,621016,49261833.5,17-JUL-2009,
ALCHEM,EQ,106.55,107.4,105.6,106.5,105.6,106.6,111797,11907322.7,17-JUL-2009,
ALEMBICLTD,EQ,37.75,38,37.3,37.55,37.4,37.45,65408,2464664.95,17-JUL-2009,
ALFALAVAL,EQ,880.1,916,880.1,884,884,881.15,400,360084.4,17-JUL-2009,
ALKALI,EQ,255.8,258.8,240.5,243.85,245.9,250.5,118341,29404932.5,17-JUL-2009,
ALKYLAMINE,EQ,62,62,59,59,59,60.8,225,13350,17-JUL-2009,
ALLCARGO,EQ,785,794,770,791.15,794,785.65,12397,9704241.05,17-JUL-2009,
ALLSEC,BE,30,30,29.45,29.7,29.7,31,1557,46200.3,17-JUL-2009,
ALOKTEXT,E1,12.3,13.2,12.3,13,13.1,12.85,43719,564551.75,17-JUL-2009,
ALOKTEXT,EQ,19.15,19.8,18.8,19.5,19.5,19,10588577,205052188.95,17-JUL-2009,
ALPA,EQ,13.55,13.65,12.7,12.85,13.05,13.35,11009,144248.65,17-JUL-2009,
ALPHAGEO,EQ,148.55,156.1,148.55,153.3,154,146.35,4241,649078,17-JUL-2009,
ALPSINDUS,BE,10,10,9.5,9.9,9.9,9.65,41363,403759.8,17-JUL-2009,
AMAR,EQ,28.75,31.2,27.65,30.25,30.7,28.05,214658,6392384,17-JUL-2009,
AMARAJABAT,EQ,94,99.5,93.3,97.3,96.75,92.15,200211,19452973.25,17-JUL-2009,
AMBICAAGAR,BE,10,10,9.7,9.95,9.95,9.6,2201,21645,17-JUL-2009,
AMBIKCO,EQ,73,73,70.15,72.9,72.9,71.7,335,24121.7,17-JUL-2009,
AMBUJACEM,EQ,97,99.4,96.8,98.1,98.15,97.8,3618144,354312520.65,17-JUL-2009,
AMDIND,EQ,24.2,25,23.55,24.65,24.9,24.55,3131,77651.45,17-JUL-2009,
AMTEKAUTO,EQ,94,100.5,93.95,99.6,99.7,93.35,406811,39859298.2,17-JUL-2009,
AMTEKINDIA,EQ,34.6,34.7,33.65,33.9,33.9,33.75,72232,2467243,17-JUL-2009,
ANANTRAJ,EQ,101.9,103.55,98.35,102.15,103.4,99.35,423072,43012369.55,17-JUL-2009,
ANDHRABANK,EQ,83.65,85.15,83.3,84.2,84.9,82.45,716221,60244454.65,17-JUL-2009,
ANDHRSUGAR,EQ,90.1,99,90.1,97.15,97,94.6,35123,3403012.05,17-JUL-2009,
ANGAUTO,EQ,35.25,36.85,35.05,36.05,36,35.15,20186,724339.3,17-JUL-2009,
ANIKINDS,EQ,23.3,26,23.3,26,26,24.15,2646,66545.4,17-JUL-2009,
ANKURDRUGS,EQ,116,118.7,115,116.4,115.8,113.95,15101,1761138.9,17-JUL-2009,
ANSALHSG,EQ,45.45,45.45,42.5,44.05,44.55,43.65,40550,1781657.65,17-JUL-2009,
ANSALINFRA,EQ,51.55,53.45,51.55,52.8,53.45,51.05,407323,21419037.35,17-JUL-2009,
ANTGRAPHIC,BE,0.45,0.55,0.45,0.55,0.55,0.5,152708,78479.1,17-JUL-2009,
APARINDS,EQ,110,111,106.15,108.6,107.1,109.05,2844,308885.55,17-JUL-2009,
APCOTEXIND,EQ,58.4,58.5,54.6,57.25,57.25,57.05,2202,124825.05,17-JUL-2009,
APIL,EQ,490,493.95,475,489.5,490,485.45,157707,76877239.6,17-JUL-2009,
APOLLOHOSP,EQ,547,560,540,552.35,560,545.4,12054,6647492.4,17-JUL-2009,
APOLLOSIND,BE,40.85,40.85,37.05,37.45,37.35,39,28060,1067801.25,17-JUL-2009,
APOLLOTYRE,EQ,35.15,36.75,34.65,35.9,36,34.05,5618252,201224221.05,17-JUL-2009,
APPAPER,BE,69.6,70.35,69.6,70.35,70.35,67,855,59606.75,17-JUL-2009,
APTECHT,EQ,152,166,148.6,163.9,166,149.85,2575376,404638861.5,17-JUL-2009,
ARCHIDPLY,BE,24.5,25,24.05,24.75,24.75,24.7,2742,67499.15,17-JUL-2009,
ARCHIES,EQ,68.55,73.65,68.55,69.85,70,69.05,6913,483227.4,17-JUL-2009,
AREVAT&D,EQ,327.9,329.7,317.55,323.7,326.1,322.9,237680,76954012.45,17-JUL-2009,
ARIES,EQ,46.5,49.85,46.5,48.25,48.5,46.7,25494,1225265.5,17-JUL-2009,
ARIHANT,EQ,199.25,199.5,195.4,199.5,199.5,190,944,186175.75,17-JUL-2009,
ARL,EQ,1.85,1.95,1.7,1.75,1.8,1.8,571104,1018417.75,17-JUL-2009,
AROGRANITE,EQ,44.1,44.1,40,40.3,40.1,42.65,8718,352477.45,17-JUL-2009,
ARROWTEX,EQ,9.05,9.05,8.35,8.6,8.6,8.65,17946,151891.75,17-JUL-2009,
ARVIND,EQ,24.2,25.1,23.8,24.7,24.65,23.95,1786235,43847589.15,17-JUL-2009,
ASAHIINDIA,EQ,50,51.45,49.7,50.5,50.6,49.5,23854,1208309.3,17-JUL-2009,
ASHAPURMIN,EQ,39.85,40.1,38.5,40.1,40.1,38.15,97973,3892007.95,17-JUL-2009,
ASHCO,BE,6.7,7.15,6.55,7.15,7.15,6.8,6125,41796.75,17-JUL-2009,
ASHIMASYN,BE,3.85,3.85,3.6,3.6,3.6,3.75,7930,29679.5,17-JUL-2009,
ASHOKLEY,EQ,31.85,34.45,31.8,34,33.6,31.65,7106759,236855423.05,17-JUL-2009,
ASIANELEC,BE,37,38,36.6,37,37.1,37.45,154857,5739342.7,17-JUL-2009,
ASIANHOTEL,EQ,298,324.9,296.1,298.3,297,293.85,3694,1105534.35,17-JUL-2009,
ASIANPAINT,EQ,1190,1198,1183,1189.35,1183,1190.95,3818,4540862.75,17-JUL-2009,
ASIANTILES,EQ,31.5,32,30.05,31.95,32,31.7,1634,51138.5,17-JUL-2009,
ASIL,BE,2.45,2.65,2.45,2.65,2.65,2.55,3000,7749.6,17-JUL-2009,
ASSAMCO,EQ,14.4,14.8,14.15,14.35,14.4,14.25,332791,4806844.5,17-JUL-2009,
ASTRAL,EQ,107.7,107.7,101.15,105,105,103.85,981,102587.6,17-JUL-2009,
ASTRAMICRO,EQ,75.1,75.1,71.2,72.45,72.3,70.3,936837,68243137.35,17-JUL-2009,
ASTRAZEN,EQ,634,646,634,634,634,626.85,229,146271.25,17-JUL-2009,
ATFL,EQ,140,157.35,140,145.85,146.2,140.5,67369,10115662,17-JUL-2009,
ATLANTA,EQ,84,87.45,84,87.45,87.45,83.25,67909,5860499.05,17-JUL-2009,
ATLASCYCLE,EQ,119,123.85,118,122.55,123.75,118.6,3597,439358.1,17-JUL-2009,
ATNINTER,BE,1.3,1.35,1.25,1.35,1.35,1.25,3500,4565,17-JUL-2009,
ATUL,EQ,59.05,61.75,59,60.65,60.6,59.5,23620,1436416.75,17-JUL-2009,
AURIONPRO,BE,201.35,201.35,201.3,201.35,201.3,210.55,125,25167.5,17-JUL-2009,
AUROPHARMA,EQ,482,499,467.05,488.9,490,473.6,227911,111835775.75,17-JUL-2009,
AUSTRAL,EQ,277.2,292,277.2,283.1,282.1,275.95,92161,26336688.2,17-JUL-2009,
AUTOAXLES,EQ,142,142,127.15,128.35,130.7,129.1,4122,538990.85,17-JUL-2009,
AUTOIND,BE,68,70,65,67.95,67.95,67.65,10810,734973.1,17-JUL-2009,
AUTOLITIND,EQ,18.15,22.75,18.15,20.2,20,19,4890,101271.1,17-JUL-2009,
AVAYAGCL,BE,93.7,100.3,93.7,99.5,99.5,95.5,3296,326384.65,17-JUL-2009,
AVENTIS,EQ,1089.8,1090,1073,1083.05,1085,1072.95,681,737830.2,17-JUL-2009,
AVTNPL,EQ,67.8,67.8,64.9,66.75,67,64.8,825,54491.5,17-JUL-2009,
AXIS-IT&T,EQ,26.25,26.45,23.9,23.9,23.9,25.15,39372,981143.05,17-JUL-2009,
AXISBANK,EQ,807,857.5,802,851.1,854.05,798.65,3553744,2972539064.75,17-JUL-2009,
BAGFILMS,BE,17.75,18.1,16.35,18.1,18.1,17.2,62832,1127828.85,17-JUL-2009,
BAJAJ-AUTO,EQ,1159,1205,1131.05,1153.6,1157,1147.3,234667,276920110.35,17-JUL-2009,
BAJAJELEC,EQ,360,414.8,360,405.15,405,405.15,5030,2034653.8,17-JUL-2009,
BAJAJFINSV,EQ,375,379,363,366.95,364.35,370.15,43221,16076920.75,17-JUL-2009,
BAJAJHIND,EQ,157.25,161.6,146.55,159.55,159.9,154.35,4417186,699484550.25,17-JUL-2009,
BAJAJHLDNG,EQ,431.1,474.95,411.45,428.2,427.55,401.15,167113,71818231.5,17-JUL-2009,
BAJAUTOFIN,EQ,173.8,181,170.15,180.15,180.5,169,31776,5660972.6,17-JUL-2009,
BALAJITELE,EQ,46.85,48,46.65,47.6,47.6,46.4,251204,11888442.4,17-JUL-2009,
BALAMINES,EQ,83.6,85,80,80.5,80,80.6,167,13453.2,17-JUL-2009,
BALKRISIND,EQ,272,275,260.1,265,265,255.55,1037,277469.9,17-JUL-2009,
BALLARPUR,EQ,19.95,19.95,19.3,19.7,19.9,19.5,1233404,24246806.85,17-JUL-2009,
BALMLAWRIE,EQ,422.1,435,422.1,427.7,426.5,425.9,10217,4368374.45,17-JUL-2009,
BALPHARMA,EQ,18.25,19.7,18.25,18.95,18.95,19.05,6104,115415.2,17-JUL-2009,
BALRAMCHIN,EQ,102.5,107.4,102.5,105.8,105.95,101.75,3511046,368529125.1,17-JUL-2009,
BANARISUG,EQ,958.85,960,900.5,952.9,950,921,1220,1163293.25,17-JUL-2009,
BANCOINDIA,EQ,25.55,26.7,25.55,25.85,25.85,25.95,5854,152031.55,17-JUL-2009,
BANG,EQ,69.05,73.9,69,70.3,70.1,71,1432,101480,17-JUL-2009,
BANKBARODA,EQ,409.7,419.4,400.95,413.1,412.05,401.55,621151,256115669.05,17-JUL-2009,
BANKBEES,EQ,706.1,720,702,720,720,693.02,1046,739925.65,17-JUL-2009,
BANKINDIA,EQ,333,341.7,329.55,339.7,340.9,329.65,1265770,424938684.2,17-JUL-2009,
BANKRAJAS,EQ,49.3,49.95,48.7,49.25,49.5,48.45,655464,32313732.95,17-JUL-2009,
BANSWRAS,BE,39,40.45,38.75,40.45,40.45,38.5,2891,115050.55,17-JUL-2009,
BARTRONICS,EQ,157.05,167,157.05,160.55,161.25,161.6,180340,29435691.6,17-JUL-2009,
BASF,EQ,252.9,252.9,246,247.8,249.8,246.6,9524,2364771.4,17-JUL-2009,
BASML,EQ,51,53,51,51.1,51,51.05,601,30954.2,17-JUL-2009,
BATAINDIA,EQ,151.9,153.8,149.25,150.35,150.15,151,123015,18582376.4,17-JUL-2009,
BATLIBOI,BE,20.7,22.15,20.7,22.15,22.15,21.1,2065,45203,17-JUL-2009,
BBL,EQ,774.95,805,760,796.25,805,756.65,15194,11974104.6,17-JUL-2009,
BBTC,EQ,221.4,247,221.4,234.3,235,228.2,760,179046.3,17-JUL-2009,
BEL,EQ,1419.9,1427.5,1385.15,1402.95,1414.5,1404.05,211850,297234409,17-JUL-2009,
BELCERAMIC,BE,6,6.6,6,6.6,6.6,6.25,8219,53179,17-JUL-2009,
BEML,EQ,975,1055.6,975,1043.1,1037,1023.95,120714,125682932.4,17-JUL-2009,
BEPL,EQ,11.15,12.2,11,11.5,11.5,11.5,2752,31449.3,17-JUL-2009,
BERGEPAINT,EQ,40.8,41.5,40.3,40.5,40.4,40.6,25265,1027962.5,17-JUL-2009,
BFUTILITIE,EQ,710,720,692,698.9,701,691.95,3769,2653472,17-JUL-2009,
BGRENERGY,EQ,327.2,334,319,321.65,321.05,324.05,103574,33846073.9,17-JUL-2009,
BHAGWATIHO,EQ,38.9,38.9,35,36.25,35.2,36.35,10976,405039.05,17-JUL-2009,
BHAGYNAGAR,EQ,19.4,21,19.4,20.1,20.5,20,37582,759567.75,17-JUL-2009,
BHARATFORG,EQ,147.85,151.9,145.15,148.25,148.5,145.85,204181,30358444.5,17-JUL-2009,
BHARATGEAR,EQ,26.45,27.9,26.45,27.5,27.5,27.65,6351,172514.7,17-JUL-2009,
BHARATRAS,EQ,55.9,55.9,55.9,55.9,55.9,58.8,30,1677,17-JUL-2009,
BHARTIARTL,EQ,788.1,836,788.1,826.25,831.95,784.85,4341890,3571001349.65,17-JUL-2009,
BHARTISHIP,EQ,147.4,148.35,144.05,144.8,144.95,144.05,122894,17905289.4,17-JUL-2009,
BHEL,EQ,2208,2238.4,2200.35,2227.2,2227,2200.45,698078,1551784467.15,17-JUL-2009,
BHUSANSTL,EQ,664,702,630.55,685.55,686,664.8,442379,302831648.4,17-JUL-2009,
BIL,EQ,31,35.6,31,33.15,33.9,32.5,2179,71683.65,17-JUL-2009,
BILPOWER,EQ,152.95,152.95,144,149.3,151,151.25,5502,814104.05,17-JUL-2009,
BINANICEM,EQ,49.6,50.9,49.55,50.15,50.15,49.45,47371,2378165.75,17-JUL-2009,
BINANIIND,EQ,63,65.35,63,64.5,64,63.35,9741,626460.6,17-JUL-2009,
BINDALAGRO,EQ,19.7,19.7,18.8,19.15,19.25,18.75,554082,10655130.25,17-JUL-2009,
BIOCON,EQ,217,220.75,207.05,208.8,210,215.4,630502,134979478.95,17-JUL-2009,
BIRLACORPN,EQ,235,248,232.1,241.6,240.6,235,124178,29981048.5,17-JUL-2009,
BIRLACOT,BE,5.05,5.25,5,5.05,5.1,5.25,85912,432913.05,17-JUL-2009,
BIRLAERIC,BE,10,10.3,10,10.25,10.15,9.8,1570,15935.25,17-JUL-2009,
BIRLAPOWER,BE,3.9,4,3.75,3.9,3.9,3.85,2149311,8344112.2,17-JUL-2009,
BLBLIMITED,BE,11.5,11.75,10.6,11.25,11.25,11.15,1939,22142.4,17-JUL-2009,
BLKASHYAP,EQ,312,320.9,306,310.55,310.4,306.3,37507,11769858.9,17-JUL-2009,
BLUEBIRD,BE,22,23.35,22,22.85,23.3,22.8,9406,214575.3,17-JUL-2009,
BLUECHIP,BE,1.3,1.3,1.2,1.2,1.2,1.2,46269,56690.7,17-JUL-2009,
BLUEDART,EQ,500,500,492.5,498.6,495,497.8,707,352534.85,17-JUL-2009,
BLUESTARCO,EQ,333,337,329,330.5,332,333.1,31424,10478240.2,17-JUL-2009,
BLUESTINFO,BE,81,82,80,80,80,80.4,1747,142425.5,17-JUL-2009,
BOC,EQ,144.1,147,144.1,146.4,146.9,144.85,5755,837186.15,17-JUL-2009,
BOMDYEING,EQ,273.9,288.9,273.9,285.45,286.9,273.1,392640,110983752.3,17-JUL-2009,
BOSCHLTD,EQ,3420.1,3465,3414.85,3423.1,3420,3411.8,2025,6967366.6,17-JUL-2009,
BPCL,EQ,460,463.5,448.2,459.35,463,459.25,379499,173640055.35,17-JUL-2009,
BPL,BE,34.05,35.6,33.5,35.4,35.6,33.9,84780,2949332.25,17-JUL-2009,
BRABOURNE,BE,7.45,8,7.45,8,8,7.8,1021,7885.55,17-JUL-2009,
BRANDHOUSE,EQ,21.8,22.7,21.6,22,22,21.55,246976,5443417.7,17-JUL-2009,
BRFL,EQ,169.9,183.9,169.9,179.75,181,168.25,1288851,229825225.3,17-JUL-2009,
BRIGADE,EQ,74.9,75.3,71,73.75,74.25,72.95,97902,7211622.75,17-JUL-2009,
BRITANNIA,EQ,1580,1599.9,1580,1585.2,1581,1583.75,379,601606.25,17-JUL-2009,
BROADCAST,BE,17.35,17.9,17.35,17.6,17.9,17.25,2478,43484.9,17-JUL-2009,
BSELINFRA,BE,18.25,18.25,16.85,17.7,18,17.35,100461,1754299.7,17-JUL-2009,
BSL,BE,17.1,17.1,16,17,17,16.25,351,5737.25,17-JUL-2009,
BURNPUR,BE,12.15,12.6,12.05,12.3,12.45,12.15,37470,462664.25,17-JUL-2009,
BVCL,EQ,24.25,25,22.35,24,23.8,24.25,14010,338810.8,17-JUL-2009,
CADILAHC,EQ,382.9,382.9,367.15,370.5,370,367,5733,2130626.25,17-JUL-2009,
CAIRN,EQ,230,235,228.2,232.1,233,227.9,1796891,417349331.7,17-JUL-2009,
CALSOFT,EQ,22.9,23.75,21.05,23.75,23.75,22.55,1676,37373,17-JUL-2009,
CAMBRIDGE,EQ,56.3,60.1,56.3,58.75,58.5,59.7,3420,203480.8,17-JUL-2009,
CAMLIN,BE,15,15.6,15,15.6,15.6,14.85,80903,1227448.55,17-JUL-2009,
CANBK,EQ,255,275.9,253.2,273.55,275.45,254.1,1260539,333630323.45,17-JUL-2009,
CANDC,EQ,166,167,160,164.35,164.5,162.1,8954,1477728.1,17-JUL-2009,
CANFINHOME,BE,80.1,82,79.95,82,82,80.1,9184,749673.25,17-JUL-2009,
CARBORUNIV,EQ,109,114.4,108,111.5,112,110,3564,398453,17-JUL-2009,
CAROLINFO,EQ,50.1,52,50.1,51.6,51.5,50.9,5020,256343.55,17-JUL-2009,
CASTROL,EQ,399,399,381.3,384.95,387,386.75,131778,50723885.9,17-JUL-2009,
CCCL,EQ,274,279,264.95,273.95,279,266.95,33904,9139952.05,17-JUL-2009,
CCL,EQ,133.5,139,133,135.65,135,139.1,4200,568997.05,17-JUL-2009,
CEATLTD,BE,120,123,117,120.4,120,119.1,37609,4508812.95,17-JUL-2009,
CELEBRITY,BE,15,15.75,14.5,15,15.5,15,2449,36681.65,17-JUL-2009,
CELESTIAL,EQ,16.95,17,16.5,17,17,16.55,3497,58692.65,17-JUL-2009,
CENTENKA,EQ,103.55,113,103.55,110.3,111.9,104,32350,3556196.55,17-JUL-2009,
CENTEXT,BE,5,5.25,5,5.2,5.2,5,20801,107089.2,17-JUL-2009,
CENTRALBK,EQ,94.05,94.7,93,93.7,93.4,93.1,128298,12045299.6,17-JUL-2009,
CENTUM,EQ,50,60.25,50,60.25,60.25,54.75,299,17888.45,17-JUL-2009,
CENTURYPLY,EQ,42.5,44.95,41.5,42.05,41.55,41.85,35578,1546658.35,17-JUL-2009,
CENTURYTEX,EQ,428.8,434.85,410,428.45,433,403.9,1178801,496835962.25,17-JUL-2009,
CERA,EQ,102.5,102.5,102,102,102,102.1,320,32645,17-JUL-2009,
CESC,EQ,283.45,300,282.1,289.95,289.8,280.8,588513,172674559.2,17-JUL-2009,
CHAMBLFERT,EQ,56,57.85,56,57.15,57.25,55.85,4546996,258915947.25,17-JUL-2009,
CHEMFALKAL,EQ,35.7,38.85,35.7,37,37,36.25,436,16042.85,17-JUL-2009,
CHEMPLAST,EQ,5.2,5.35,5,5.2,5.25,5.1,83378,433096.1,17-JUL-2009,
CHENNPETRO,EQ,164.65,170,160,168.25,168.2,161.55,137169,22882436.65,17-JUL-2009,
CHESLINTEX,BE,7.7,7.7,7.7,7.7,7.7,8.1,300,2310,17-JUL-2009,
CHETTINAD,EQ,403.9,403.9,390.3,399.9,399.9,401.2,228,89891.3,17-JUL-2009,
CHI,EQ,29.75,32.8,29.05,31.15,31.5,29.8,96120,3058396.6,17-JUL-2009,
CHOLADBS,EQ,62.3,64.75,61.5,63.45,63,61.45,21065,1333505.45,17-JUL-2009,
CINEMAX,EQ,42.4,45,42.4,43.95,44,43,8969,398138.2,17-JUL-2009,
CINEVISTA,EQ,5.05,5.25,5,5.05,5.05,5.05,5320,26780.75,17-JUL-2009,
CIPLA,EQ,278,282,277.1,279.55,280,276.35,1631171,456395699.15,17-JUL-2009,
CLASSIC,EQ,14.9,15.4,14.9,15.1,15.1,14.85,93037,1405562.95,17-JUL-2009,
CLNINDIA,EQ,252,265,250,263.75,265,250.3,3969,1020019.4,17-JUL-2009,
CLUTCHAUTO,EQ,26.5,28,26.2,27.85,28,26.7,14864,399453.15,17-JUL-2009,
CMC,EQ,840,859,810.1,824.45,823,837.7,58813,49026949.55,17-JUL-2009,
COLPAL,EQ,638.9,652,632.1,644.15,645,629.1,512904,329268305.75,17-JUL-2009,
COMPUTECH,EQ,3.75,3.75,3.4,3.55,3.65,3.5,13718,48560.35,17-JUL-2009,
COMSYS,EQ,13.7,13.7,11.4,13.25,13.25,12.65,5782,71969.9,17-JUL-2009,
CONCOR,EQ,954.95,975,950,965.05,970,945,30831,29777264.6,17-JUL-2009,
CONSOFINVT,EQ,47,50.7,47,49.5,49.5,49.05,3486,171449.9,17-JUL-2009,
CORDSCABLE,EQ,36.35,39.2,35.5,37.2,37.8,36.1,13489,505280.9,17-JUL-2009,
COREEMBLG,EQ,11.75,11.8,11.1,11.5,11.5,11.2,8656,100573.4,17-JUL-2009,
COREPROTEC,EQ,110.5,111.65,105.6,107.7,107.85,109.05,496573,54124093.95,17-JUL-2009,
COROMNFERT,EQ,178.65,183.75,174.6,182.6,183.2,178.55,29140,5249754.15,17-JUL-2009,
CORPBANK,EQ,307,313.35,306,311.45,312,306.95,21359,6634796.75,17-JUL-2009,
COSMOFILMS,EQ,90.8,91.55,89.7,90.35,90.5,90.55,8154,736064.8,17-JUL-2009,
CRANESSOFT,EQ,38.4,39.4,38,38.7,38.7,37.9,62055,2411842.7,17-JUL-2009,
CREATIVEYE,EQ,5.55,5.65,5.55,5.65,5.65,5.6,2763,15423.45,17-JUL-2009,
CRESTANI,BE,22.55,24.6,22.55,24.5,24.6,23.45,19509,470577.4,17-JUL-2009,
CREWBOS,EQ,31,33.4,31,32.45,32.2,31.7,21137,693043.7,17-JUL-2009,
CRISIL,EQ,3379,3434.9,3339,3386.9,3399.9,3315.05,368,1246514.5,17-JUL-2009,
CROMPGREAV,EQ,287,307,285.55,302.5,302.1,281.85,1065548,315050816.7,17-JUL-2009,
CTE,EQ,20.5,20.5,19.05,19.75,19.75,19.5,4123,81117.15,17-JUL-2009,
CUB,EQ,21.65,21.9,21.25,21.6,21.65,21.2,300723,6507188.5,17-JUL-2009,
CUBEXTUB,BE,13.9,13.9,13.2,13.2,13.2,13.9,300,3960.7,17-JUL-2009,
CUMMINSIND,EQ,254,260.8,249.35,250.6,251.9,252.85,398626,102019946.55,17-JUL-2009,
CYBERMEDIA,BE,34.2,35.85,32.5,32.7,32.7,34.2,909,30566.1,17-JUL-2009,
CYBERTECH,EQ,12,12.5,11.85,12.45,12.5,12.05,1970,23910.95,17-JUL-2009,
D-LINK,BE,39.5,40.7,39.5,40.1,40,39.85,4720,189082.15,17-JUL-2009,
DAAWAT,EQ,37,38,36.85,37.3,37.3,36.7,3283,122781,17-JUL-2009,
DABUR,EQ,133.9,133.9,131.4,132,131.55,132.05,244057,32214716.15,17-JUL-2009,
DALMIACEM,EQ,128.9,134.25,128.05,132.05,134.15,126.4,28316,3727112.1,17-JUL-2009,
DATAMATICS,EQ,20,22.4,19.5,21.05,21.05,19.8,160247,3332446.15,17-JUL-2009,
DCB,EQ,32,34,31.8,33.5,33.9,30.95,5748929,190623925.2,17-JUL-2009,
DCHL,EQ,68.5,75.9,67.05,71.45,71.65,67.05,2767056,200467366.55,17-JUL-2009,
DCM,BE,24.5,24.5,24.5,24.5,24.5,23.3,161,3944.5,17-JUL-2009,
DCMFINSERV,EQ,3.45,3.85,3.4,3.5,3.5,3.7,10445,37171,17-JUL-2009,
DCMSRMCONS,EQ,54,54.5,53.3,53.95,54.2,53.5,56279,3030335.35,17-JUL-2009,
DCW,EQ,13.1,14.85,13,14.25,14.2,13.6,684855,9783953.35,17-JUL-2009,
DECCANCE,EQ,228.5,250,228.5,249.1,249.1,244.8,629,153344.05,17-JUL-2009,
DECOLIGHT,BE,10,10.45,10,10.45,10.45,9.95,3463,35290.6,17-JUL-2009,
DEEPAKFERT,EQ,77.35,81.2,77.35,79.9,79.9,76.95,230510,18369087.9,17-JUL-2009,
DELTACORP,EQ,41.25,41.65,39.25,40.05,40.25,40.1,22607,907808.15,17-JUL-2009,
DELTAMAGNT,BE,17.6,17.6,17.05,17.1,17.1,17.6,250,4298.1,17-JUL-2009,
DENABANK,EQ,49,50.65,49,50.4,50.55,49,975738,48924785.85,17-JUL-2009,
DENORA,BE,51.4,52.05,51.4,52.05,52.05,53.95,150,7750,17-JUL-2009,
DEWANHOUS,EQ,121.65,125.7,120.25,124.2,123.5,119,118869,14627707.2,17-JUL-2009,
DHAMPURSUG,EQ,61.05,61.85,58.7,58.95,58.75,60.6,568354,34183349.05,17-JUL-2009,
DHANBANK,EQ,105,109.4,103.25,108.05,108.2,104.1,446172,47799374.6,17-JUL-2009,
DHANUS,EQ,33.9,33.9,31.5,32.55,32.35,32.65,61582,2016741.7,17-JUL-2009,
DHARSUGAR,EQ,41,41.4,37.5,40.55,41.4,39.4,40398,1598470.55,17-JUL-2009,
DICIND,EQ,146,150,146,149.6,150,148,519,76604.5,17-JUL-2009,
DIGJAM,BE,6.1,6.55,6.1,6.55,6.55,6.2,4574,29854.75,17-JUL-2009,
DISHMAN,EQ,183.1,191,181.1,185.25,184.45,187.55,72704,13562245.25,17-JUL-2009,
DISHTV,EQ,36.6,38.6,36.4,38.15,37.55,36.25,8537114,321445875.05,17-JUL-2009,
DIVISLAB,EQ,1062,1094.5,1045.3,1059.9,1065,1058.05,72586,77650933.1,17-JUL-2009,
DLF,EQ,320,337.85,320,332.65,337.6,316.75,13560545,4483807548.9,17-JUL-2009,
DOLPHINOFF,BE,179.05,194.3,179.05,194.3,194.3,185.05,1302,251274.8,17-JUL-2009,
DONEAR,BE,25.05,26.3,25.05,26.25,26.3,25.5,595,15091.5,17-JUL-2009,
DPSCLTD,EQ,528.85,530,514.05,529,530,523.75,3051,1611496.15,17-JUL-2009,
DREDGECORP,EQ,456,470.3,450.3,454.5,456.8,444.9,37257,17127241.45,17-JUL-2009,
DRREDDY,EQ,761,776.9,750,768.6,773,755.35,137363,105541165.15,17-JUL-2009,
DSKULKARNI,EQ,39.45,40.4,37.55,40.35,40.4,38.45,351659,13879706.95,17-JUL-2009,
DTIL,EQ,121.95,130,121.5,124.4,124.4,115,3179,393901.25,17-JUL-2009,
DUNCANSIND,EQ,7.15,7.95,7.15,7.95,7.95,7.4,2851,22201.6,17-JUL-2009,
DWARKESH,EQ,75.4,75.5,72.2,74.15,73.6,73.15,4504,335482.85,17-JUL-2009,
DYNACONS,EQ,0.65,0.7,0.6,0.65,0.65,0.6,167147,109065.45,17-JUL-2009,
DYNAMATECH,EQ,905,930,905,927.8,930,914.25,82,74425,17-JUL-2009,
EASTSILK,EQ,13.5,13.5,13.05,13.2,13.2,13,46323,611362.85,17-JUL-2009,
EASUNREYRL,EQ,70,71.15,68.4,69.85,69.5,69.25,13095,916021.1,17-JUL-2009,
ECEIND,BE,144.2,157,144.2,154.85,157,150.1,6,929.2,17-JUL-2009,
ECLERX,EQ,242.5,255,242.5,249.65,248.5,250,1784,449402.1,17-JUL-2009,
EDELWEISS,EQ,392,400,387,395.6,400,387,30912,12152081.05,17-JUL-2009,
EDL,EQ,98.7,98.7,93.3,95.2,95.15,95,8451,802543.2,17-JUL-2009,
EDSERV,EQ,37.8,37.8,37.8,37.8,37.8,36,31757,1200414.6,17-JUL-2009,
EDUCOMP,EQ,3930,4117.9,3910,4031.6,4030.05,3906,1185584,4761157165.8,17-JUL-2009,
EICHERMOT,EQ,325.4,334.5,323.5,330.2,330.1,326.6,13797,4536355.15,17-JUL-2009,
EIDPARRY,EQ,278.1,282,271.05,274.25,276,279.55,21746,6001983.65,17-JUL-2009,
EIHAHOTELS,EQ,92.2,97,90,92.75,92,90.2,42522,4018352.9,17-JUL-2009,
EIHOTEL,EQ,111,112,110,111.65,111.95,108.6,72600,8073762,17-JUL-2009,
EIMCOELECO,EQ,268.25,278.85,259,278.85,278.85,253.5,1534,418904.7,17-JUL-2009,
EKC,EQ,184.9,185.95,179,182.05,182.95,181.15,184704,33822915.8,17-JUL-2009,
ELDERPHARM,EQ,260,266.4,240.1,257,257,258.95,2204,569175,17-JUL-2009,
ELECON,EQ,73.95,75.9,73.5,74.25,74.2,73.35,306543,22885449.3,17-JUL-2009,
ELECTCAST,EQ,32.1,33.75,32,33.15,33.3,32.05,1260186,41700757.05,17-JUL-2009,
ELECTHERM,EQ,188.9,195,187.5,194.45,194.45,189.75,5293,1022117.75,17-JUL-2009,
ELGIEQUIP,EQ,47.5,49.4,47.2,48.25,47.6,48.05,11445,558995.05,17-JUL-2009,
ELGIRUBBER,BE,7.35,7.55,7.3,7.55,7.55,7.15,19098,143565.65,17-JUL-2009,
EMAMILTD,EQ,348,358.7,345,355.25,358.7,347.6,8789,3102312.7,17-JUL-2009,
EMCO,EQ,88,88,83.8,84.5,84.2,85.65,385041,33236040.7,17-JUL-2009,
EMKAY,BE,55.9,56.25,51.4,56.25,56.25,53.55,1347,75676.3,17-JUL-2009,
ENERGYDEV,EQ,60,66.3,58.3,66.3,66.3,60.25,84549,5571745.85,17-JUL-2009,
ENGINERSIN,EQ,1000,1080,982,1041.9,1070,983.15,24350,25101558.4,17-JUL-2009,
ENIL,EQ,179.95,184.8,176,177.55,176.35,177.4,206711,36806886.55,17-JUL-2009,
ENKEI,EQ,43,44.45,43,44.45,44.45,42.3,1605,71269.75,17-JUL-2009,
ENTEGRA,EQ,24.45,24.45,23.8,24.15,24.25,23.15,63808,1534286.5,17-JUL-2009,
ERAINFRA,EQ,124.45,131.8,122,130.3,130,122.95,863875,111080486.4,17-JUL-2009,
ESABINDIA,EQ,413.15,429.7,412,416.9,417.6,422.95,858,356669.9,17-JUL-2009,
ESCORTS,EQ,63.9,63.9,60.8,61.4,61.6,60.1,716759,44154258.65,17-JUL-2009,
ESSAROIL,EQ,131.2,138.2,131.2,137,137.8,132.75,5329181,724720819.9,17-JUL-2009,
ESSARSHIP,EQ,55.25,57.5,54.2,54.9,55,53.95,360827,20050283.8,17-JUL-2009,
ESSDEE,EQ,289,295,275,279.15,278.1,281.45,4761,1345429.75,17-JUL-2009,
ESSELPACK,BE,23.5,25.4,23.5,24.5,24.65,24.65,11044,271231.95,17-JUL-2009,
ETC,EQ,98.2,100.25,95.7,98.65,98.95,96.2,4543,445771.35,17-JUL-2009,
EUROCERA,BE,33.1,34.8,33.1,34.8,34.8,33.15,2434,84475.9,17-JUL-2009,
EUROTEXIND,BE,15.85,15.85,15.85,15.85,15.85,15.85,4,63.4,17-JUL-2009,
EVEREADY,EQ,34,37.85,33.75,37.05,37,33.35,1299923,47837967.8,17-JUL-2009,
EVERESTIND,BE,92,93,85.05,91.1,91.1,89,1127,103342.7,17-JUL-2009,
EVERONN,EQ,342.45,362,340.45,358.2,360,337.05,1486977,526531627.45,17-JUL-2009,
EVINIX,EQ,3.7,3.75,3.6,3.65,3.6,3.65,557537,2053671.3,17-JUL-2009,
EXCELCROP,BE,120,121,120,121,121,115.2,1893,228763,17-JUL-2009,
EXCELINDUS,EQ,38.5,38.5,36,37.35,37,37.6,3432,128478.45,17-JUL-2009,
EXIDEIND,EQ,71.95,79.45,71.95,78.45,78.65,70.35,5797204,445660268.95,17-JUL-2009,
FACT,EQ,36,37.75,36,37.15,37.35,36.05,38136,1415501,17-JUL-2009,
FAGBEARING,EQ,457,457,436.5,441.55,440,458.9,33,14586,17-JUL-2009,
FAME,BE,19.5,19.5,18.85,18.95,18.9,19,205520,3950823.9,17-JUL-2009,
FCH,EQ,283,300,279.5,290.7,290,277.05,150533,43931076.6,17-JUL-2009,
FCSSOFT,EQ,40.9,44.8,40.9,44.1,44.45,40.65,55818,2388820.35,17-JUL-2009,
FDC,EQ,39.95,41.4,39.95,40.2,40.2,39.9,130240,5289647.8,17-JUL-2009,
FEDDERLOYD,EQ,28.9,29,27.75,28.25,28.15,27.9,25563,729969.55,17-JUL-2009,
FEDERALBNK,EQ,232,234.5,230,231.45,231.5,230.05,161427,37409312.55,17-JUL-2009,
FIEMIND,EQ,56.5,57.95,53.25,54.9,54,56.75,3316,183123.1,17-JUL-2009,
FINANTECH,EQ,1290,1367.7,1278.2,1350.7,1354,1280.3,207696,278556317.8,17-JUL-2009,
FINCABLES,EQ,31.85,31.85,30.8,31.3,31.05,30.25,82606,2585741.5,17-JUL-2009,
FINPIPE,EQ,43.15,43.2,42.15,42.8,42.6,42.25,36600,1566795.2,17-JUL-2009,
FIRSTLEASE,EQ,43.3,44.75,42.05,43.9,43.25,42.65,11710,511679.55,17-JUL-2009,
FIRSTWIN,BE,17,18.4,17,18,17.85,17.5,4616,82676.15,17-JUL-2009,
FKONCO,EQ,46,46,44,45.5,45,45.3,8364,377889.55,17-JUL-2009,
FMGOETZE,EQ,45.5,47,45.05,45.6,45.5,45.9,3427,156772.2,17-JUL-2009,
FORTIS,EQ,85.7,94,84.4,92.65,93.4,84.4,837493,75283081.45,17-JUL-2009,
FOSECOIND,EQ,294.8,294.8,294.8,294.8,294.8,285,50,14740,17-JUL-2009,
FOURSOFT,BE,22.95,23,21.6,21.75,22.35,22.7,14485,324022,17-JUL-2009,
FSL,EQ,21.05,22.25,21.05,22.05,22,20.8,13087334,285030992.35,17-JUL-2009,
FTCPOF5YGR,EQ,10.35,12.6,10.35,12.6,12.6,11.5,82,857.7,17-JUL-2009,
FTCSF3YDIV,EQ,11,11.1,11,11.1,11.1,10.9,19500,216200,17-JUL-2009,
FTCSF3YGRO,EQ,11.1,12.25,11.1,12.25,12.25,11.1,15899,181272.75,17-JUL-2009,
FTCSF5YDIV,EQ,10.3,10.35,10.3,10.35,10.35,10.25,10052,104035.6,17-JUL-2009,
FTCSF5YGRO,EQ,10.4,10.75,10.4,10.75,10.75,10.4,340,3600.2,17-JUL-2009,
GABRIEL,BE,12.1,12.55,12.1,12.5,12.4,12.65,37651,464573,17-JUL-2009,
GAEL,EQ,18.85,18.85,17.8,18,17.8,18.05,57341,1053130.3,17-JUL-2009,
GAIL,EQ,341.4,344.7,331.1,336.3,338.4,338.55,1860816,626715479.25,17-JUL-2009,
GALLANTT,EQ,15.75,16.7,15.25,15.55,15.55,15.5,1717,26869.5,17-JUL-2009,
GAMMNINFRA,BE,120.85,120.85,115,119.05,120,118.95,8787,1038546.7,17-JUL-2009,
GAMMONIND,EQ,157,157,148.7,149.7,149.7,156,342449,51910579.3,17-JUL-2009,
GANDHITUBE,BE,56.25,58,56.25,57.1,58,57.95,200,11421,17-JUL-2009,
GANESHHOUC,EQ,73,76,72,74.45,74.55,72.2,40416,3005002.45,17-JUL-2009,
GANGOTRI,BE,5.85,5.85,5.55,5.8,5.85,5.55,1295,7545.75,17-JUL-2009,
GARDENSILK,BE,55.55,60.5,55.55,59.15,59,57.8,3040,180388.65,17-JUL-2009,
GARWALLROP,EQ,54,59.25,53.15,56.05,55.35,53,18120,1018488.15,17-JUL-2009,
GARWOFFS,BE,136,142.5,132,141.85,138,136.1,1703,235404.1,17-JUL-2009,
GATI,EQ,45,46.2,44.35,45.35,45.5,44.55,31119,1415104.45,17-JUL-2009,
GDL,EQ,94.35,94.35,92,92.5,93.4,92.45,221505,20584750.9,17-JUL-2009,
GEMINI,EQ,15,16.05,15,16.05,16.05,15.25,60960,968107.35,17-JUL-2009,
GENESYS,EQ,68.2,68.2,65.7,65.7,65.7,65.65,285,19117,17-JUL-2009,
GENUSPOWER,EQ,203,205,192.2,195.4,193.1,196.8,27398,5385636.2,17-JUL-2009,
GEODESIC,EQ,95,109.4,93.3,105.9,107.45,93.15,478387,47778258.65,17-JUL-2009,
GEOJITBNPP,EQ,39.6,40,39.5,39.8,39.8,39.3,232518,9242031.15,17-JUL-2009,
GEOMETRIC,EQ,30.6,32.9,30.5,32.3,32.4,30.35,104743,3342927.05,17-JUL-2009,
GESHIP,EQ,249.7,253.9,245.2,250,251.2,246.7,344170,85643453.65,17-JUL-2009,
GHCL,EQ,36.9,37.2,36,36.2,36.25,36.75,460349,16821122.95,17-JUL-2009,
GICHSGFIN,EQ,86.4,88.8,82.2,83.9,83.4,84.9,710338,60200452.35,17-JUL-2009,
GILLETTE,EQ,815.05,827.5,802.1,814.3,817.85,820,925,755670.5,17-JUL-2009,
GINNIFILA,BE,5.8,6.3,5.8,6.15,6.15,6.05,8860,55080.25,17-JUL-2009,
GIPCL,EQ,79.2,81.3,79.1,80,80,79.3,49212,3958813.6,17-JUL-2009,
GISOLUTION,BE,6.3,6.75,6.25,6.7,6.7,6.55,6959,44537.5,17-JUL-2009,
GITANJALI,EQ,99,102.5,98.6,99.2,99,98.2,428626,42937418.8,17-JUL-2009,
GLAXO,EQ,1295,1305,1288.15,1289.5,1289.2,1305.85,7849,10150547.6,17-JUL-2009,
GLENMARK,EQ,225,238.75,225,230.8,231.8,222.4,1222661,284771468.65,17-JUL-2009,
GLFL,EQ,4.45,4.45,3.95,4,4.2,4.35,10966,45689.2,17-JUL-2009,
GLOBALVECT,BE,35.5,36.85,34.55,34.7,34.7,35.1,863,30604.6,17-JUL-2009,
GLODYNE,EQ,476.95,476.95,461.15,464,461.15,464.25,3543,1646815.2,17-JUL-2009,
GLORY,EQ,21.7,22.25,21.05,21.25,21.2,21.65,95104,2062699,17-JUL-2009,
GMBREW,EQ,66,70.9,66,69.5,69.5,69.45,883,60689,17-JUL-2009,
GMDCLTD,EQ,85,87.9,82.05,82.95,82.8,83.55,2136759,181077630.2,17-JUL-2009,
GMRFER,EQ,31.9,31.9,28.1,28.95,28.8,28.65,3660,106291.6,17-JUL-2009,
GMRINDS,EQ,81,83.05,79,82.7,83,81.75,3300,270597.15,17-JUL-2009,
GMRINFRA,EQ,136,140,136,138.8,139.5,136.7,5237456,725192039.45,17-JUL-2009,
GNFC,EQ,88,89.2,87.1,87.6,87.3,87,147445,12966403.8,17-JUL-2009,
GOACARBON,EQ,72,75.45,72,73.9,73.55,70.45,16665,1235506.5,17-JUL-2009,
GODFRYPHLP,EQ,1311,1390,1301.3,1373.7,1385,1331.85,4847,6607790.3,17-JUL-2009,
GODREJCP,EQ,172.4,177.95,171.5,174.9,174.45,172.4,37450,6569833.25,17-JUL-2009,
GODREJIND,EQ,139.45,142.8,135.1,137,137.1,135.8,811079,112266328.35,17-JUL-2009,
GOKEX,BE,89,92.8,89,92.7,92.8,92,2147,197754,17-JUL-2009,
GOKUL,EQ,221.2,236,221.2,227.4,225.05,228.25,21945,5004045.9,17-JUL-2009,
GOLDBEES,EQ,1470,1472.8,1462.12,1469.55,1471.5,1469.35,8573,12596806.13,17-JUL-2009,
GOLDENTOBC,BE,65.9,67.5,62,66.3,64.65,64.5,16521,1085917.1,17-JUL-2009,
GOLDIAM,BE,26,28,26,26.65,26.6,26.75,5396,144355.1,17-JUL-2009,
GOLDINFRA,EQ,18.15,19,18.15,18.9,19,18.3,18861,356453.6,17-JUL-2009,
GOLDSHARE,EQ,1470,1475,1465.29,1473.44,1475,1469.2,1958,2881612.09,17-JUL-2009,
GOLDTECH,EQ,34.6,34.95,33.2,33.65,33.85,32.9,24727,839427.25,17-JUL-2009,
GPIL,EQ,98.9,99.4,95.2,97.4,97.8,95.1,90821,8830173.85,17-JUL-2009,
GRANULES,EQ,63.7,66.95,63.7,66.15,66,63.7,11747,767124.05,17-JUL-2009,
GRAPHITE,EQ,54,54,52.55,53.15,53.15,52.1,223368,11851297.05,17-JUL-2009,
GRASIM,EQ,2608.6,2749,2598,2700,2744,2608.6,207189,552946707.55,17-JUL-2009,
GREAVESCOT,EQ,119.1,129.9,118,119.2,118,119.2,8894,1077295.9,17-JUL-2009,
GREENPLY,EQ,106.5,106.5,102.05,103.95,104,104.95,2972,311783.25,17-JUL-2009,
GRINDWELL,EQ,92,94.05,91.9,92.7,93.7,91.8,809,75280.2,17-JUL-2009,
GRUH,EQ,200.5,203,200,200.25,200,200.7,6668,1338599.3,17-JUL-2009,
GSFC,EQ,158.55,163.4,158.55,159.85,160.8,158.45,46793,7509955.8,17-JUL-2009,
GSKCONS,EQ,989,994.95,976.3,989.4,993,972.25,731,722800.25,17-JUL-2009,
GSPL,EQ,60.3,61.25,59.2,60.55,60.8,58.7,7077212,425104380.4,17-JUL-2009,
GSSAMERICA,EQ,170,175,164,170.45,175,166.85,29769,5036082.55,17-JUL-2009,
GTL,EQ,306.8,306.8,301.5,302.75,302,303.8,21222,6435567.35,17-JUL-2009,
GTLINFRA,EQ,33.65,34.35,33.5,33.95,34.25,33.3,2400208,81482915.55,17-JUL-2009,
GTOFFSHORE,EQ,429.95,432.45,419.4,423.85,423.5,427.8,136125,57919015.25,17-JUL-2009,
GUFICBIO,BE,4.85,4.85,4.6,4.85,4.85,4.6,4950,23977.5,17-JUL-2009,
GUJALKALI,EQ,96.45,99.45,96.05,97.55,97.9,96.1,75680,7405863.25,17-JUL-2009,
GUJAPOLLO,EQ,112.05,121,112.05,118.75,120,117,690,81181.9,17-JUL-2009,
GUJFLUORO,EQ,121.9,121.9,116.1,119,118.95,118.1,38876,4582690.7,17-JUL-2009,
GUJNRECOKE,EQ,44.1,46.35,43.55,45.7,45.8,43.25,6609114,298266426.25,17-JUL-2009,
GUJRATGAS,EQ,305,309,301.6,306.35,307.75,303,4058,1242326.4,17-JUL-2009,
GUJSIDHCEM,EQ,17.45,17.5,16.5,16.65,16.65,17,464843,7819229.35,17-JUL-2009,
GULFOILCOR,BE,53.8,55.8,52.5,54.8,54,53.15,31173,1700949.25,17-JUL-2009,
GVKPIL,EQ,41.35,42.5,40.9,42.3,42.3,40.95,13710280,574824489.55,17-JUL-2009,
GWALCHEM,EQ,87.5,89,87.15,87.5,87.35,87.15,25616,2250163.4,17-JUL-2009,
HALONIX,EQ,60,62,56.1,60.75,61.25,60,3511,211094.4,17-JUL-2009,
HANUNG,EQ,73,73,68.6,69.8,70,70.65,272232,19481478.6,17-JUL-2009,
HARITASEAT,EQ,47,50.95,46.65,47.05,46.65,49,457,21892.3,17-JUL-2009,
HARRMALAYA,EQ,73.8,76,73,75.45,75.15,72.9,194682,14631301.55,17-JUL-2009,
HAVELLS,EQ,266.15,284.9,266.15,280.95,280.95,276.2,49152,13809181.35,17-JUL-2009,
HBLPOWER,BE,235.25,242.05,235.25,240.75,240.55,230.5,1549,373035.15,17-JUL-2009,
HBSTOCK,BE,18.05,18.8,17.5,18.3,18.5,18,2329,42788.65,17-JUL-2009,
HCC,EQ,103.7,104.6,101.75,104.05,104.15,101.15,4597006,474575217.65,17-JUL-2009,
HCIL,EQ,298,350.55,293.9,349.35,350.55,292.1,126640,43536174.95,17-JUL-2009,
HCL-INSYS,EQ,104.7,107.8,104.1,105.25,105.55,105.8,63651,6738330.45,17-JUL-2009,
HCLTECH,EQ,198,218.8,195.1,215.45,216.9,194.25,2096998,436566404.35,17-JUL-2009,
HDFC,EQ,2380.15,2550,2347.9,2522.8,2542.35,2378.05,1128627,2790464443.9,17-JUL-2009,
HDFCBANK,EQ,1390,1448.85,1374.05,1436.65,1427.1,1390.45,1248867,1766392023.65,17-JUL-2009,
HDIL,EQ,222.1,230.35,220.2,227.25,229.5,218.3,12210977,2751253145,17-JUL-2009,
HEG,EQ,215.55,221,212.05,217.95,218.5,213.7,65495,14228285.75,17-JUL-2009,
HEIDELBERG,EQ,37.8,39.95,37.3,39.5,39.5,37.15,371957,14483200.8,17-JUL-2009,
HELIOSMATH,EQ,29.5,32.9,29.5,32.25,32.5,29.9,53710,1723334.65,17-JUL-2009,
HERCULES,EQ,177.5,182.75,177,177.75,178.9,171.75,2455,440284.7,17-JUL-2009,
HERITGFOOD,EQ,73,76.5,71,75.1,75.05,73.8,1361,101992.1,17-JUL-2009,
HEROHONDA,EQ,1548,1650.4,1544,1640.3,1641,1537.85,1070802,1728144130.55,17-JUL-2009,
HEXAWARE,EQ,43.45,52.7,43,51.9,52.45,42.6,2602400,130110189.15,17-JUL-2009,
HGSL,EQ,326,355,326,351.8,354,333.9,8256,2865603.55,17-JUL-2009,
HIKAL,EQ,247.95,267.9,246,263.8,264,243.8,8206,2149015.45,17-JUL-2009,
HILTON,BE,16.75,17.9,16.75,17.7,17.75,17.35,952,16753.35,17-JUL-2009,
HIMACHLFUT,EQ,11.2,11.3,10.9,11.1,11.1,10.85,1841333,20415145.1,17-JUL-2009,
HIMATSEIDE,EQ,31.3,32.2,30.5,31.85,32,31.05,14111,443233.15,17-JUL-2009,
HINDALCO,EQ,80.2,85.2,79.7,84.3,84.25,79.2,7840029,646300132.25,17-JUL-2009,
HINDCOMPOS,BE,145,145,145,145,145,152,33,4785,17-JUL-2009,
HINDDORROL,EQ,88.05,92.5,88.05,90.15,89.8,89.75,58632,5297587.85,17-JUL-2009,
HINDMOTOR,BE,18.85,19.4,18.15,19.35,19.4,18.45,208367,3974896.65,17-JUL-2009,
HINDNATGLS,EQ,512.2,580,512.2,574.2,580,544.2,528,296218.35,17-JUL-2009,
HINDOILEXP,EQ,112.5,116.45,111.7,114.1,114,111.25,183076,20967349.5,17-JUL-2009,
HINDPETRO,EQ,322,330,318,324.4,327.5,322.05,731616,236546408.1,17-JUL-2009,
HINDUJAFO,BE,65,70.95,65,69.85,68,67.55,1858,128506.05,17-JUL-2009,
HINDUJAVEN,EQ,184.5,185.7,178.45,182.1,183,180.35,4091,751394.95,17-JUL-2009,
HINDUNILVR,EQ,268.45,269.35,264.65,266.75,267.6,266.2,3497017,930932720.35,17-JUL-2009,
HINDZINC,EQ,620,632,616.65,621.8,624,614.55,65913,41186171.05,17-JUL-2009,
HIRECT,EQ,52.25,52.85,51.05,52.2,52,50.15,1551,80425.3,17-JUL-2009,
HITACHIHOM,EQ,67.8,67.8,62.15,63.85,63,61.6,7802,495134.65,17-JUL-2009,
HITECHGEAR,EQ,54,56.9,52.05,53.5,53.5,56,6362,346958.65,17-JUL-2009,
HITECHPLAS,EQ,56.95,56.95,56.95,56.95,56.95,55,5,284.75,17-JUL-2009,
HMT,EQ,60,62,59.15,59.7,60.65,60.1,62736,3792957,17-JUL-2009,
HOCL,EQ,34.2,34.9,33.7,34.05,34.3,33.75,106857,3669780.95,17-JUL-2009,
HONAUT,EQ,1301,1320,1285.05,1300,1300,1299.25,498,647269.95,17-JUL-2009,
HONDAPOWER,EQ,170,170,161.2,163.35,163.65,166.3,13931,2293926.65,17-JUL-2009,
HOPFL,EQ,70.5,71.6,70,71.15,71.6,69.4,13594,962624.2,17-JUL-2009,
HORIZONINF,EQ,390,412,390,395.1,395.1,385,407,163935.4,17-JUL-2009,
HOTELEELA,EQ,29.75,31.2,29.75,30.5,30.55,29.65,1280515,39038679.5,17-JUL-2009,
HOTELRUGBY,BE,6.6,6.6,6.6,6.6,6.6,6.6,100,660,17-JUL-2009,
HOVS,BE,57,61.5,57,59.6,59.9,59.35,3992,238335.95,17-JUL-2009,
HSIL,BE,51.05,53.25,49,53.15,53.25,50.7,14041,722322.1,17-JUL-2009,
HTMEDIA,EQ,95.5,99.55,93.05,96.8,95.6,95.25,58570,5651559.1,17-JUL-2009,
HYDRBADIND,EQ,246.5,268.9,246.5,259.3,259.1,261.5,22710,5996039.65,17-JUL-2009,
IBN18,EQ,104.25,109,103.5,108.3,108.65,104.2,122505,13166145.15,17-JUL-2009,
IBREALEST,EQ,225,229.55,221.3,225.95,228.55,220.9,8444606,1907882055.35,17-JUL-2009,
IBRETAILS,BE,25.8,25.9,24.65,25.85,25.9,24.65,21753,560038,17-JUL-2009,
IBSEC,EQ,36.5,37.25,35.8,36,36.1,35.85,1360320,49432502.45,17-JUL-2009,
ICI,EQ,545,550,526,528.35,526,526.85,2189,1164043.3,17-JUL-2009,
ICICIBANK,EQ,701.1,748.5,701.1,742.85,748,693.85,10057555,7353604234.35,17-JUL-2009,
ICIL,EQ,7,7.85,6.75,7.4,7.85,7.5,5198,38926.15,17-JUL-2009,
ICRA,EQ,809.05,828,809.05,821.05,821,812.9,8929,7326699.9,17-JUL-2009,
ICSA,EQ,168.9,174.9,166,172.55,172.15,164.8,522053,89461810.25,17-JUL-2009,
IDBI,EQ,96.05,101,95.05,98.65,99.35,95.45,8788757,872928654.65,17-JUL-2009,
IDEA,EQ,73.8,74.5,72.1,73.95,74.15,71.55,4669798,342534868.9,17-JUL-2009,
IDFC,EQ,140,143,137.65,139.75,140,138.75,7793751,1093082396.8,17-JUL-2009,
IFBAGRO,EQ,67.5,72.95,67.5,72.5,72.95,66.3,7305,526410.4,17-JUL-2009,
IFBIND,EQ,41,43.5,41,41.6,41,42,3127,131421.85,17-JUL-2009,
IFCI,EQ,45.95,46.15,44.75,45.65,45.65,45.25,30286560,1379531053.05,17-JUL-2009,
IFGLREFRAC,EQ,21.1,21.9,20.1,20.95,20.8,20.1,62610,1317576.45,17-JUL-2009,
IFL,EQ,13.4,13.4,12.6,12.7,12.85,12.85,66441,850570.3,17-JUL-2009,
IGARASHI,BE,19.3,20.3,19,19.85,19,19.3,6515,125782.5,17-JUL-2009,
IGL,EQ,134,140,134,138.35,139.15,133.55,238444,32646330.7,17-JUL-2009,
IGPL,EQ,29.65,30,28,29.75,30,29.7,3613,106866.7,17-JUL-2009,
IMPAL,EQ,233,237,225,233.55,232,230,1548,356660.75,17-JUL-2009,
IMPEXFERRO,BE,8.15,8.2,7.5,7.8,7.8,7.8,24401,191680,17-JUL-2009,
INDBANK,BE,13.7,13.7,13,13.1,13.1,13.65,4965,66126.35,17-JUL-2009,
INDHOTEL,EQ,60.45,62.6,59.7,62.05,62.25,60.1,1904375,117231476.55,17-JUL-2009,
INDHOTEL,N4,90.31,96.5,90.31,94.8,94.8,95,48,4482.27,17-JUL-2009,
INDHOTEL,W1,6.25,6.25,5.1,5.1,5.1,5.2,342,1939.15,17-JUL-2009,
INDIABULLS,EQ,182,185.5,179.2,180.8,180.3,180.6,1383963,251871546.65,17-JUL-2009,
INDIACEM,EQ,145,149.25,143,147.55,146,141.8,1416537,207387517.7,17-JUL-2009,
INDIAGLYCO,EQ,77,81.5,77,80.35,80.7,79.35,11871,952160.4,17-JUL-2009,
INDIAINFO,EQ,136,140.8,129.1,132.05,132.3,134.85,8179606,1112045269.2,17-JUL-2009,
INDIANB,EQ,130,132,128.5,129.75,129.8,128,191283,24894601.4,17-JUL-2009,
INDIANCARD,BE,65.4,65.6,65.4,65.6,65.6,68.55,250,16380,17-JUL-2009,
INDIANHUME,EQ,516.6,546,516.6,540.6,546,525.2,1536,820732,17-JUL-2009,
INDLMETER,EQ,87.35,92.65,87.35,90.1,90.1,89,285,25707,17-JUL-2009,
INDNIPPON,EQ,119,119,112.25,112.25,112.25,115.8,450,52000,17-JUL-2009,
INDOASIFU,EQ,42.4,44.45,39.1,40.85,41,41.05,18405,749181.6,17-JUL-2009,
INDOCO,EQ,166.2,170.95,166.1,167.75,167,166.65,472,79210.25,17-JUL-2009,
INDORAMA,EQ,26,28.5,25.3,27.35,27.8,26,18400,496533.7,17-JUL-2009,
INDOTECH,EQ,257.9,263.85,255.55,257.65,259.65,257.75,10584,2753492.35,17-JUL-2009,
INDOWIND,EQ,37.95,42.8,37.7,41.25,41.4,37.35,1392633,56818570.2,17-JUL-2009,
INDRAMEDCO,EQ,33.3,34.45,32.9,33.95,33.95,33.7,102978,3469906.6,17-JUL-2009,
INDSWFTLAB,EQ,39.5,40,38.15,39.65,39.35,39.15,23312,920448.35,17-JUL-2009,
INDSWFTLTD,EQ,18.1,19.15,18.05,18.6,18.6,18.6,11950,223359.9,17-JUL-2009,
INDUSFILA,EQ,21.15,21.4,20.4,21.15,21.2,20.4,37750,797458.35,17-JUL-2009,
INDUSINDBK,EQ,86.25,89.5,86.05,87.55,87.3,85.6,1603226,140605790.25,17-JUL-2009,
INEABS,EQ,104,108.5,104,107.9,108,104.45,1624,172318.7,17-JUL-2009,
INFOMEDIA,BE,76,79.7,76,78,78,75.9,920,72923.1,17-JUL-2009,
INFOSYSTCH,EQ,1802.25,1874,1802,1866.3,1865,1795.1,1571441,2917562652.25,17-JUL-2009,
INFOTECENT,EQ,210.05,229.5,210.05,224.75,223.6,209.15,125599,27975325.15,17-JUL-2009,
INGERRAND,EQ,292,294.7,285.5,290.2,292.85,287.4,5239,1518170.4,17-JUL-2009,
INGVYSYABK,EQ,184,190,180.55,187.05,186.5,183.05,97378,18165310.75,17-JUL-2009,
INOXLEISUR,EQ,44,45.25,44,44.6,44.95,44,40795,1817465.85,17-JUL-2009,
INSECTICID,EQ,64,65.7,63.5,64.1,64.35,62.85,11417,734061.6,17-JUL-2009,
INVSTSMART,EQ,241,245,240,243.35,245,241.6,8156,1975648.2,17-JUL-2009,
IOB,EQ,84.8,85,83.5,84,84.1,83.85,1244371,104656037.7,17-JUL-2009,
IOC,EQ,548,569.8,539,553.35,556,540.1,290081,158374829.45,17-JUL-2009,
IOLN,EQ,29.85,30,28.25,28.4,28.45,28.95,44009,1277784.2,17-JUL-2009,
IPCALAB,EQ,502.35,514.95,502.35,507.75,509.25,506,443,226136.4,17-JUL-2009,
IRB,EQ,174,174.9,170.5,173.4,172.75,172.3,631172,109327177.8,17-JUL-2009,
ISMTLTD,EQ,28.2,28.7,27.75,28.05,27.85,27.65,122564,3441561.85,17-JUL-2009,
ISPATIND,EQ,19.5,21.15,19.5,20.8,20.85,19.3,38606753,779875620.4,17-JUL-2009,
ISPATIND,P1,3.1,3.5,3.1,3.45,3.5,3.35,45705,154914.15,17-JUL-2009,
ITC,EQ,219.8,232,215.9,229.25,230.7,217.35,7456132,1678781333.35,17-JUL-2009,
ITDCEM,BE,156.95,158.3,150,153.3,156,150.9,1140,175439.75,17-JUL-2009,
ITI,BE,37.25,38.95,36.8,37.4,37.5,37.5,88463,3311745.85,17-JUL-2009,
IVC,EQ,138,141.7,138,139.1,139,139.2,7167,1002817.4,17-JUL-2009,
IVP,EQ,26.3,27.85,26.3,26.6,26.7,27.65,1249,33563.5,17-JUL-2009,
IVRCLINFRA,EQ,330.25,340.45,327,332.3,333.9,326.3,3490288,1168721253.9,17-JUL-2009,
IVRPRIME,EQ,66.5,69,65.5,67.4,69,65.95,69162,4628758.45,17-JUL-2009,
J&KBANK,EQ,425.1,434.9,423.1,429.35,430,427.75,344582,148184126.95,17-JUL-2009,
JAGRAN,EQ,83,84,80.05,80.9,81,80.4,95726,7760843.9,17-JUL-2009,
JAGSNPHARM,EQ,11.3,12.8,11.3,12.05,12,12.6,3064,37088.7,17-JUL-2009,
JAIBALAJI,EQ,211.95,218,207.2,213.65,213.05,209.55,23390,5019860.35,17-JUL-2009,
JAICORPLTD,EQ,231.9,231.9,225,231.9,231.9,220.85,511323,118328845.55,17-JUL-2009,
JAINSTUDIO,BE,10.25,10.25,9.65,9.7,9.65,9.75,548,5533.75,17-JUL-2009,
JAYAGROGN,EQ,54,55,52,53.05,53.1,52.6,4477,241447.4,17-JUL-2009,
JAYBARMARU,EQ,37.55,43,37.55,40.5,42.9,37.3,10726,430870.2,17-JUL-2009,
JAYNECOIND,BE,16.75,17.15,16.05,16.55,16.6,16.8,30655,514258.05,17-JUL-2009,
JAYSREETEA,EQ,182.1,192,182.1,189.25,188,184.45,108164,20464951.05,17-JUL-2009,
JBCHEPHARM,EQ,37.5,42.4,37.5,41.55,41.85,41.35,24057,1003422.3,17-JUL-2009,
JBFIND,EQ,75,77.3,73.5,76.4,77,73.35,44519,3375202.9,17-JUL-2009,
JBMA,EQ,31.1,33,31.1,32.8,32.8,31,121,3857.2,17-JUL-2009,
JCTEL,BE,3.1,3.25,3.1,3.1,3.1,3.25,1684,5321.6,17-JUL-2009,
JDORGOCHEM,BE,2.6,2.8,2.6,2.8,2.8,2.65,359,975.8,17-JUL-2009,
JENSONICOL,BE,4,4.05,3.85,4,4.05,4,10970,42780.05,17-JUL-2009,
JETAIRWAYS,EQ,245,251.7,245,247.5,246.5,243.55,133667,33192963.7,17-JUL-2009,
JHS,EQ,23,23.6,22.6,23.1,22.6,22.7,3516,81449.85,17-JUL-2009,
JIKIND,EQ,9,10.15,9,9.4,9.4,9.6,3343,32108.1,17-JUL-2009,
JINDALPHOT,EQ,96,101,96,99.95,99.5,97.45,7169,714044.1,17-JUL-2009,
JINDALPOLY,EQ,255,268.25,255,261.25,261,257.9,815,213646.15,17-JUL-2009,
JINDALSAW,EQ,361,392.85,361,384.3,384.15,370.65,248296,95491593.8,17-JUL-2009,
JINDALSTEL,EQ,2620.9,2679,2603.1,2622.4,2620,2587.95,649771,1716088713.15,17-JUL-2009,
JINDALSWHL,EQ,767,800,765.25,772.45,770.1,755.65,51761,40622803.95,17-JUL-2009,
JINDRILL,EQ,472,486,466,473.4,480,468.45,2366,1127539.4,17-JUL-2009,
JISLJALEQS,EQ,726,726,715,720.1,718,720.2,73128,52649214.3,17-JUL-2009,
JKCEMENT,EQ,108,109.5,106.5,108.8,109.5,107,101122,10937592.6,17-JUL-2009,
JKIL,EQ,99,103.25,95,99.6,98.6,99.9,113017,11384045.1,17-JUL-2009,
JKLAKSHMI,EQ,110,110.7,107.2,109.3,109.5,111.1,91644,10010971.05,17-JUL-2009,
JKPAPER,EQ,28.8,28.8,27.3,27.8,27.5,29.5,140898,3965317.75,17-JUL-2009,
JKTYRE,EQ,85.35,94.3,85.35,90.3,90.25,80.8,645847,58522257.15,17-JUL-2009,
JMCPROJECT,EQ,173,173,163.2,168.65,170.45,167.15,13000,2203202.05,17-JUL-2009,
JMFINANCIL,EQ,38.85,39.5,37.55,38.9,38.75,38.15,126083,4880958.95,17-JUL-2009,
JMTAUTOLTD,EQ,32.5,34.95,32.5,34.9,34.95,32,286,9742.9,17-JUL-2009,
JOCIL,EQ,171.4,171.5,171.4,171.5,171.5,163.3,200,34290,17-JUL-2009,
JPASSOCIAT,EQ,201.7,215,200.7,212.85,214.7,198.55,18524366,3862018334.3,17-JUL-2009,
JPHYDRO,EQ,80.75,81.4,79.5,80.75,81.3,78.65,12092043,972269486.4,17-JUL-2009,
JSL,EQ,70,72.5,70,71.25,71.4,69.25,55473,3965147.1,17-JUL-2009,
JSWSTEEL,EQ,586.1,607.7,572.35,600.3,600,579.65,2804230,1657555150.55,17-JUL-2009,
JUBILANT,EQ,162.9,165.5,161.2,163.75,165.1,160.9,139358,22724045.2,17-JUL-2009,
JUNIORBEES,EQ,77.36,78.98,77.36,78.19,78.3,77.36,41376,3236051.94,17-JUL-2009,
JYOTHYLAB,EQ,99,101,99,100.3,100.4,99.1,20769,2075191.7,17-JUL-2009,
JYOTISTRUC,EQ,133,137.5,132.95,135.15,135,132.05,55088,7448310.7,17-JUL-2009,
KABRAEXTRU,EQ,110,115,108.1,111.4,111.95,109.95,6848,759035.1,17-JUL-2009,
KAJARIACER,EQ,33.45,37.8,33.15,36.45,36.3,33.1,310352,11077792.35,17-JUL-2009,
KAKATCEM,EQ,83.2,85.65,83.2,84.7,85.65,84,1191,100111.2,17-JUL-2009,
KALECONSUL,BE,36.8,38.45,34.8,38.45,38.45,36.6,9122,345221.6,17-JUL-2009,
KALINDEE,EQ,146,152.15,144.15,152.15,152.15,144.9,489242,73153994.3,17-JUL-2009,
KALPATPOWR,EQ,722.95,765,718.5,734.75,735,711.75,20861,15486385.8,17-JUL-2009,
KALSTEELS,BE,91.45,91.45,90,91,91,87.1,925,83724.7,17-JUL-2009,
KAMATHOTEL,EQ,51,51,48.5,50.75,50.1,50.85,9352,471902.3,17-JUL-2009,
KANORICHEM,EQ,28.2,30.5,28,28.85,28.75,29.1,24151,702154.8,17-JUL-2009,
KANSAINER,EQ,540,643.2,515,604.95,643.2,536,12887,7624034.75,17-JUL-2009,
KARURVYSYA,EQ,277,282.75,275,280.1,280,276,32027,8962458.2,17-JUL-2009,
KAUSHALYA,EQ,20.75,21.55,20.05,20.55,20.6,20.6,88386,1821002.2,17-JUL-2009,
KAVVERITEL,EQ,41.75,42.4,40,40.3,40,41.75,13132,539407.3,17-JUL-2009,
KBL,EQ,181,187.1,177,178.45,177,178.15,14361,2645343.45,17-JUL-2009,
KCP,EQ,261,273,260,263.55,263.5,259.4,5617,1487895,17-JUL-2009,
KCPSUGIND,EQ,18.9,19.3,18.8,19,19,19.05,46632,887775.2,17-JUL-2009,
KEC,EQ,384,414.2,384,404.6,403.5,398.25,26806,10660351.15,17-JUL-2009,
KEI,BE,24.95,25.25,24,25.1,25.25,24.05,94504,2372187.65,17-JUL-2009,
KEMROCK,EQ,284,287.9,278.3,282.95,283,276.85,451,127515.25,17-JUL-2009,
KERNEX,BE,86.5,92.95,86,90.45,91.5,89.3,7477,677733.35,17-JUL-2009,
KESARENT,EQ,62,69.9,62,65.55,65.55,68.5,252,16772.55,17-JUL-2009,
KESORAMIND,EQ,294.45,315.85,292.05,313.25,315,288.55,220034,67393427.55,17-JUL-2009,
KFA,EQ,45.7,47.4,45.5,46.9,47.1,45.3,2423690,112452644.9,17-JUL-2009,
KGL,EQ,13.4,14,12.75,13,13.05,12.7,678006,8882827.65,17-JUL-2009,
KHAITANELE,EQ,67,71.1,67,69.8,69.8,69.95,173,12004.15,17-JUL-2009,
KHANDSE,EQ,24.85,24.85,21.75,23.25,23.55,24.2,3648,83610.35,17-JUL-2009,
KIL,EQ,17.75,18.8,17.55,18.05,18.75,17.2,17740,317866.4,17-JUL-2009,
KINETICMOT,EQ,12.75,12.75,11.3,11.85,12,11.6,9825,116531.4,17-JUL-2009,
KIRIDYES,EQ,269.5,300,254.6,260.45,259.95,266.1,149261,40050207.6,17-JUL-2009,
KIRLOSOIL,EQ,85,87.4,83.25,84.15,84,83.2,24729,2099637.4,17-JUL-2009,
KITPLYIND,BE,7.6,8.25,7.6,7.6,7.6,8,25262,193362.5,17-JUL-2009,
KKCL,EQ,162.5,169.9,159,160.25,159,159,17891,2929892.55,17-JUL-2009,
KLGSYSTEL,EQ,154.9,162.9,154,158,159,151.75,101948,16059520.2,17-JUL-2009,
KNRCON,BE,81.35,81.35,75.1,77.4,77.9,77.6,20533,1591519.05,17-JUL-2009,
KOHINOOR,EQ,47.9,48.7,47.1,47.9,47.65,47.8,7685,370388.7,17-JUL-2009,
KOLTEPATIL,EQ,41.2,45,40.75,43.75,44,40.9,165040,7072395.4,17-JUL-2009,
KOPDRUGS,BE,8.55,8.55,8.3,8.4,8.4,8.1,651,5533.3,17-JUL-2009,
KOPRAN,EQ,10.25,10.9,10.25,10.6,10.45,10.2,31925,339662.1,17-JUL-2009,
KOTAKBANK,EQ,623,648.65,623,641.7,644.7,622.45,1035989,661889692,17-JUL-2009,
KOTAKGOLD,EQ,1470,1475.9,1465,1471.9,1471.99,1467.86,600,881724.25,17-JUL-2009,
KOTAKPSUBK,EQ,257,269,257,269,269,255,50,12970,17-JUL-2009,
KOTARISUG,EQ,8.15,8.65,8.1,8.2,8.25,8.25,42834,359059.55,17-JUL-2009,
KOTHARIPET,BE,9.3,9.7,9.3,9.3,9.3,9.3,1973,18356.9,17-JUL-2009,
KOTHARIPRO,EQ,228.9,243,228.9,238.15,240,233.1,1272,302447.1,17-JUL-2009,
KOUTONS,EQ,404.95,404.95,395.1,399.6,397.65,399.95,1523,608454.6,17-JUL-2009,
KPIT,EQ,50,54.7,49.55,54.4,53.2,49.7,296962,16127875.5,17-JUL-2009,
KPRMILL,EQ,49,50,47,47,47,47.3,2455,119173.3,17-JUL-2009,
KRBL,EQ,81.8,85,81.55,82.4,82.5,81.45,23286,1936218.9,17-JUL-2009,
KRISHNAENG,BE,2.85,3.05,2.85,3.05,3.05,2.9,8284,24948.65,17-JUL-2009,
KSBPUMPS,EQ,364,365,358,364.65,365,369.8,1272,463335,17-JUL-2009,
KSCL,EQ,168,177,165.1,173.2,176,165.8,11743,2010554.95,17-JUL-2009,
KSERAPRO,BE,13,13.15,12.5,13,13,12.6,57568,744279.55,17-JUL-2009,
KSK,EQ,192,198,190.25,190.85,190.9,190,347639,67439114.65,17-JUL-2009,
KSOILS,EQ,52.1,53.5,51.8,53.05,53.2,52.05,826162,43564850,17-JUL-2009,
KTKBANK,EQ,135.75,140.5,135.75,138.9,140,134.8,144478,20012688.55,17-JUL-2009,
LAKPRE,EQ,29.85,29.9,28.3,28.3,28.3,28.55,200,5818.75,17-JUL-2009,
LAKSHMIEFL,EQ,76,80.8,75,77.4,77.4,74,331623,26021549.55,17-JUL-2009,
LAKSHVILAS,EQ,79,80.75,78,79.1,79.2,78.45,55405,4410486.2,17-JUL-2009,
LANCOIN,EQ,26.05,27.65,26.05,27.35,26.4,26.6,9315,252872.35,17-JUL-2009,
LAOPALA,EQ,19,20,18.75,18.8,18.8,19.45,5,95.45,17-JUL-2009,
LAXMIMACH,EQ,842,846.95,830,838.75,839.5,823.3,11580,9711338.8,17-JUL-2009,
LCCINFOTEC,BE,0.75,0.8,0.75,0.8,0.75,0.75,39461,30183.15,17-JUL-2009,
LGBFORGE,BE,2.2,2.35,2.1,2.3,2.2,2.2,8919,20150.65,17-JUL-2009,
LGBROS,D1,80,80,80,80,80,80,590,47200,17-JUL-2009,
LGBROS,EQ,12.6,12.6,12.15,12.3,12.25,12.25,37524,463768.3,17-JUL-2009,
LIBERTSHOE,EQ,56.7,56.7,53.6,55.15,54.75,53.65,9161,508378.15,17-JUL-2009,
LICHSGFIN,EQ,616.7,628,613.2,622.3,623.5,609.95,654123,407118663.85,17-JUL-2009,
LIQUIDBEES,EQ,1000,1000.01,999.99,999.99,1000,1000,72849,72848946.33,17-JUL-2009,
LITL,EQ,373.9,381.7,368.25,376.7,376,369.05,2524882,947207082.15,17-JUL-2009,
LLOYDELENG,EQ,36,36.5,35,35.75,35.9,35.05,48102,1718110.85,17-JUL-2009,
LLOYDFIN,BE,1.75,1.85,1.75,1.8,1.8,1.75,1900,3420,17-JUL-2009,
LLOYDSTEEL,BE,7,7.25,6.75,7.25,7.25,6.9,96782,698156.4,17-JUL-2009,
LML,EQ,9,9,8.7,8.8,8.8,8.7,180255,1589020.3,17-JUL-2009,
LOGIXMICRO,EQ,63,68.6,63,65.55,68.6,66,120,7761.85,17-JUL-2009,
LOKESHMACH,EQ,32.4,34.4,31.05,31.6,31.85,31.25,15479,493529.1,17-JUL-2009,
LOTTEINDIA,EQ,533.1,533.1,533.1,533.1,533.1,533,1010,538431,17-JUL-2009,
LOTUSEYE,EQ,32,33.95,31.2,32.15,33.8,32,470,15044.5,17-JUL-2009,
LPDC,BE,6,6.55,6,6.5,6.2,6.2,14517,94626.35,17-JUL-2009,
LT,EQ,1380,1431.9,1380,1419.45,1425,1379.1,2932725,4141164448.3,17-JUL-2009,
LUMAXAUTO,EQ,27,29.8,27,28.2,28.2,27.1,4142,118582.25,17-JUL-2009,
LUMAXIND,EQ,99.85,101,97.65,99.9,99.9,97,2333,230970.95,17-JUL-2009,
LUMAXTECH,EQ,25.15,26,25.05,25.8,25.95,25.35,1455,36954.2,17-JUL-2009,
LUPIN,EQ,893.85,940,893,902.45,902,890.55,301159,277131609.7,17-JUL-2009,
LYKALABS,EQ,23,23.75,23,23.75,23.75,22.6,10661,252261,17-JUL-2009,
M&M,EQ,727,790,727,778.05,786,720.55,1563006,1194352833.25,17-JUL-2009,
M&MFIN,EQ,268,268,254.1,261.5,262,255.65,22526,5856621.75,17-JUL-2009,
MACMILLAN,EQ,64.5,64.5,62.5,63.15,63,62.5,15133,962033.3,17-JUL-2009,
MADHAV,EQ,19.85,19.85,17.5,17.7,17.6,19.3,8108,144935.3,17-JUL-2009,
MADHUCON,EQ,153,174.9,151.5,166,165.9,151.25,141451,23563092.55,17-JUL-2009,
MADRASCEM,EQ,105.5,106.9,104.9,105.7,105.5,103.2,130934,13851581.25,17-JUL-2009,
MADRASFERT,BE,9.3,9.9,9.25,9.75,9.8,9.45,36525,351956.45,17-JUL-2009,
MAGMA,EQ,173,184.9,173,177.45,177,175.85,1730,315560.05,17-JUL-2009,
MAGNUM,EQ,7.55,8.1,7.5,7.9,7.9,7.8,13276,103396.1,17-JUL-2009,
MAHABANK,EQ,39,40.1,38.3,39.7,40,39,685146,26971846.7,17-JUL-2009,
MAHINDFORG,BE,48.15,50.6,47.8,50.45,50.6,48.15,8268,411072.9,17-JUL-2009,
MAHINDUGIN,BE,30.1,31.5,30.1,30.95,31.5,30.2,14465,445558.6,17-JUL-2009,
MAHLIFE,EQ,271.7,285.8,269.05,280.15,282,266.5,78990,22062331.9,17-JUL-2009,
MAHSCOOTER,BE,135,136,135,136,136,130.1,42,5692,17-JUL-2009,
MAHSEAMLES,EQ,248.9,255,246,252.95,255,244.6,41160,10303613.25,17-JUL-2009,
MALUPAPER,BE,11.9,12.6,11.6,12.5,12.35,12,4620,57309.95,17-JUL-2009,
MALWACOTT,BE,27.35,27.35,26,27.2,27.25,26.15,1920,51704.5,17-JUL-2009,
MANAKSIA,BE,50,50,48.15,48.85,48.6,49.25,18056,890578,17-JUL-2009,
MANALIPETC,BE,9.6,9.6,8.95,9.05,9.1,9.35,99414,902948.2,17-JUL-2009,
MANALU,EQ,37.25,41,37.25,37.7,37.7,38.7,966,38500.2,17-JUL-2009,
MANGALAM,EQ,7,7.95,7,7.95,7.95,7.2,3992,30448.95,17-JUL-2009,
MANGCHEFER,EQ,18.5,18.85,18.15,18.65,18.8,18.1,272439,5049148.7,17-JUL-2009,
MANGLMCEM,EQ,116.7,121.2,116.7,119.9,120.5,117,35327,4212130.55,17-JUL-2009,
MANGTIMBER,EQ,23,23,21.6,22.25,22.1,22.3,40142,894962.05,17-JUL-2009,
MANINDS,EQ,44,45.4,43.9,44.9,45.1,43.55,83600,3751521.1,17-JUL-2009,
MANUGRAPH,EQ,48.85,48.85,45,45.7,45.5,44,13658,637700.15,17-JUL-2009,
MARALOVER,BE,7,7.1,7,7,7,6.8,1639,11573,17-JUL-2009,
MARICO,EQ,81,81.5,77.5,78.55,78.5,80.7,221549,17518524.15,17-JUL-2009,
MARKSANS,EQ,4.9,5.05,4.8,4.9,4.85,4.8,827501,4085101.85,17-JUL-2009,
MARUTI,EQ,1159,1193.65,1148,1181.45,1192,1142,1156812,1358732529.3,17-JUL-2009,
MASTEK,EQ,211.3,226.8,211.3,224.5,225,209,47559,10502793.75,17-JUL-2009,
MATRIXLABS,EQ,208,209,208,208,208,208,6812,1417112.85,17-JUL-2009,
MAWANASUG,EQ,30.15,32.95,30.15,30.55,30.65,31.25,5236,160781.5,17-JUL-2009,
MAX,EQ,196.95,215.95,195,213.25,214.45,196.15,9646206,1923326421.9,17-JUL-2009,
MAXWELL,EQ,14,14.9,14,14.05,14,14.2,10328,148447.1,17-JUL-2009,
MAYTASINFR,EQ,66,67.85,64,67.85,67.85,64.6,773859,51984970.5,17-JUL-2009,
MBECL,EQ,142.5,142.5,138,141.15,141.4,138.7,27431,3863898,17-JUL-2009,
MCDHOLDING,BE,63,63.7,60.55,62.8,63,60.65,5582,352019.35,17-JUL-2009,
MCDOWELL-N,EQ,905.3,949,905.3,921.95,925,920.15,636073,591685695.95,17-JUL-2009,
MCLEODRUSS,EQ,130,137.8,129,136.5,135.9,128.95,868251,115969214.2,17-JUL-2009,
MEGASOFT,EQ,19.6,22.95,19.6,21.8,22.8,19.85,238344,5024315.6,17-JUL-2009,
MEGH,EQ,14.9,14.9,13.8,13.95,13.9,14.6,426892,6030054.05,17-JUL-2009,
MELSTAR,EQ,11,11.9,11,11.1,11.05,11.2,4760,53933.2,17-JUL-2009,
MERCK,EQ,388.25,395,388.25,392.05,394.2,391.25,5414,2124322.45,17-JUL-2009,
MHRIL,EQ,315,354.4,306.65,348.3,346.25,317.45,7620828,2545069236.45,17-JUL-2009,
MIC,EQ,38.1,38.3,37.5,37.8,37.8,37.45,581120,21965846.55,17-JUL-2009,
MICRO,EQ,200,206.9,195.15,203.45,204.7,197,5141,1046467.6,17-JUL-2009,
MICROTECH,EQ,119,124.5,117,120,120,116.7,28052,3411603.2,17-JUL-2009,
MID-DAY,BE,16,16.85,16,16.65,16.4,16.1,17683,291374.85,17-JUL-2009,
MINDAIND,EQ,150,167,141.35,143,142.1,144,2806,419712.25,17-JUL-2009,
MINDTREE,EQ,491.05,502,485,487.85,488.25,484.3,57405,28333894.7,17-JUL-2009,
MIRCELECTR,EQ,12.85,13.85,12.85,13.25,13.1,13.05,99369,1335228.6,17-JUL-2009,
MIRZAINT,EQ,12,13,12,12.5,12.3,12.3,63440,804159.5,17-JUL-2009,
MLL,EQ,55.75,57.1,55,56.2,56.25,54.45,2063186,115738314.65,17-JUL-2009,
MMFL,EQ,46.65,51,46.65,50,50.05,48.35,3471,173927.95,17-JUL-2009,
MONNETISPA,EQ,238.3,244.7,236.5,241.1,244,235.95,37542,9008172,17-JUL-2009,
MONSANTO,EQ,1590,1627,1565.05,1610.3,1600,1576.35,1720,2738410.85,17-JUL-2009,
MORARJETEX,BE,14.3,14.3,14.3,14.3,14.3,13.6,10,143,17-JUL-2009,
MOREPENLAB,BE,8,8.35,8,8.05,8.1,7.95,161563,1319847.05,17-JUL-2009,
MOSERBAER,EQ,73.9,78.15,73.9,77.1,78,73.05,1510809,114699511.1,17-JUL-2009,
MOTHERSUMI,EQ,72.55,79.5,72.55,78.5,78.9,74.45,34583,2658667.05,17-JUL-2009,
MOTILALOFS,EQ,147.3,152,147,149.35,150,146.65,33484,4986435.05,17-JUL-2009,
MOTOGENFIN,BE,35.25,37,35.25,36.45,36.45,35.9,5742,211618.8,17-JUL-2009,
MPHASIS,EQ,369,398,368.1,385.4,390.5,365.95,1412440,543527142.2,17-JUL-2009,
MRF,EQ,3300,3490,3241.05,3395.8,3381,3245.45,6585,22395505.1,17-JUL-2009,
MRO-TEK,EQ,24.9,25.25,24.45,24.8,25,24.4,22725,564565.05,17-JUL-2009,
MRPL,EQ,77,80,76.25,78.85,79.7,75.95,2663758,208818195.9,17-JUL-2009,
MSKPROJ,EQ,80.5,81.3,78.35,80.15,80.05,78.65,12109,971654.75,17-JUL-2009,
MSPL,EQ,29.25,29.9,28.5,28.75,28.55,27.6,16888,487578.2,17-JUL-2009,
MTNL,EQ,94.05,96.35,94.05,95.6,95.8,93.45,695815,66468407.45,17-JUL-2009,
MUDRA,EQ,27,27.5,26.35,26.95,26.85,26.55,58265,1569022.85,17-JUL-2009,
MUKANDENGG,EQ,19.25,21.2,19.25,20.4,20.1,20.25,2546,52053.45,17-JUL-2009,
MUKANDLTD,EQ,35,36.95,33.6,36.15,36.95,34.65,12082,436023.85,17-JUL-2009,
MUKTAARTS,BE,45,47.8,45,47.8,47.8,46.85,2159,98367.7,17-JUL-2009,
MUNDRAPORT,EQ,535,549,534.1,543.55,542.5,528.9,295697,160581198.3,17-JUL-2009,
MUNJALAU,EQ,55.95,56,53.6,54.25,55.4,54.3,2405,131108.2,17-JUL-2009,
MUNJALSHOW,EQ,43,45.85,41.9,44.8,45,41.35,100487,4438783.45,17-JUL-2009,
MURLIIND,EQ,185,208.5,185,205,205,189.85,1687,339175.9,17-JUL-2009,
MURUDCERA,EQ,27.1,28.35,27.05,28,28,27.15,12157,337430.75,17-JUL-2009,
MVL,EQ,111.75,117.25,111.75,116.8,117,111.65,33173,3839721.85,17-JUL-2009,
MVLIND,BE,18,19,17.75,18.45,19,18.6,6640,120544,17-JUL-2009,
NAGARCONST,EQ,129,136.85,127.9,134.55,135.55,125.05,1728575,229350308.1,17-JUL-2009,
NAGARFERT,EQ,32.45,33.6,32.45,33.15,33.3,32.4,8390542,277191643.2,17-JUL-2009,
NAGREEKCAP,BE,28.35,28.35,28.35,28.35,28.35,29.75,126,3572.1,17-JUL-2009,
NAGREEKEXP,BE,15.15,15.15,15.15,15.15,15.15,14.45,50,757.5,17-JUL-2009,
NAHARCAP,EQ,35.4,35.4,32,33,33,33.05,2297,74849.85,17-JUL-2009,
NAHARINDUS,EQ,42,43.75,42,43.45,43.5,42.15,691,29483.5,17-JUL-2009,
NAHARINVST,EQ,18.15,19.7,18.15,19.7,19.7,18.6,447,8424.8,17-JUL-2009,
NAHARSPING,BE,37.35,37.5,35.9,37.1,37.05,35.75,7663,279274.3,17-JUL-2009,
NANDAN,BE,1.75,1.85,1.7,1.75,1.75,1.75,316640,557636.95,17-JUL-2009,
NATCOPHARM,EQ,80.4,83.8,80.4,82.05,82,81.8,17489,1444015.35,17-JUL-2009,
NATIONALUM,EQ,283.4,293.9,283.4,290.9,292.85,281.55,261301,75689460.55,17-JUL-2009,
NATNLSTEEL,BE,12,13.1,12,13,12.9,12.45,6075,78722.75,17-JUL-2009,
NAUKRI,EQ,611.5,615,598.1,602.6,604.95,610.4,6879,4152095.9,17-JUL-2009,
NAVINFLUOR,EQ,162,164.9,157.05,160.55,157.7,161.25,1095,176365.85,17-JUL-2009,
NAVNETPUBL,EQ,84.85,85.95,83.5,84.25,84.3,83.15,312282,26453398.8,17-JUL-2009,
NBVENTURES,EQ,286,308,286,302.6,302.5,289.6,94467,28219104.95,17-JUL-2009,
NCLIND,EQ,38.75,40,38.55,39.45,39.35,38.55,20715,816710.9,17-JUL-2009,
NDTV,EQ,122.9,126.75,120.6,124.45,123.5,120.15,287365,35748472.3,17-JUL-2009,
NECLIFE,BE,17.5,17.7,17,17.55,17.5,16.85,19821,349155.8,17-JUL-2009,
NELCAST,EQ,32,33.55,32,32.7,32.25,33.95,20844,678474.55,17-JUL-2009,
NELCO,EQ,42.6,44.25,41.05,43.6,43.3,42.55,27529,1191153.2,17-JUL-2009,
NEOCURE,BE,14.35,14.5,14.35,14.5,14.5,13.8,4405,63857.5,17-JUL-2009,
NEPCMICON,BE,7.9,8,7.35,7.75,7.8,7.65,35638,275572.2,17-JUL-2009,
NESCO,EQ,657.3,680,657,667.95,674.7,670.6,726,487016.95,17-JUL-2009,
NETWORK18,EQ,98,101.85,96,98.9,99.05,97.35,570039,56758046.75,17-JUL-2009,
NETWORK18,P2,80,90,80,85.5,85.5,85.35,2776,245517.9,17-JUL-2009,
NEULANDLAB,EQ,145.75,151.8,145.75,151.8,151.8,145,1050,158602.5,17-JUL-2009,
NEYVELILIG,EQ,128.5,131.75,128.05,130.45,130.5,126.95,1971763,256274324.95,17-JUL-2009,
NFL,EQ,49.65,51.25,49.3,50.35,50.9,49.1,29808,1502049,17-JUL-2009,
NICCO,BE,5.2,5.25,5.2,5.25,5.25,5,20005,104976.25,17-JUL-2009,
NIFTYBEES,EQ,426.99,441,426.5,438.85,440,423.89,168982,73512681.78,17-JUL-2009,
NIITLTD,EQ,54.3,59.25,54.3,58.55,58.9,55.1,7678710,444835153.65,17-JUL-2009,
NIITTECH,EQ,102.4,106.45,98.6,104.55,105.4,106.45,866122,89234793.3,17-JUL-2009,
NILKAMAL,EQ,69,72,69,70.8,71.4,69.9,11515,813822.85,17-JUL-2009,
NIPPOBATRY,EQ,346.15,363,346.05,362,362,362,271,97648.15,17-JUL-2009,
NIRMA,EQ,138.9,142,136.6,139.6,139.9,136.2,31723,4440999.7,17-JUL-2009,
NISSAN,BE,23,24.5,23,24.3,24.3,23.95,1387,33533.85,17-JUL-2009,
NITCO,EQ,61.8,61.8,59,60.2,61,59.2,65646,3947074.95,17-JUL-2009,
NITINFIRE,EQ,285,297.8,282,287,285.6,286.1,39863,11586416.45,17-JUL-2009,
NITINSPIN,BE,5.9,5.9,5.35,5.35,5.35,5.6,7501,42243.6,17-JUL-2009,
NMDC,EQ,367,394.3,367,389.85,393,358.45,1540049,598470968.85,17-JUL-2009,
NOCIL,EQ,24.8,25.45,23.5,24,24,22.9,2798046,68414128.95,17-JUL-2009,
NOIDATOLL,EQ,40,42.3,40,41.4,41.3,40.05,7508416,309757307.4,17-JUL-2009,
NORBTEAEXP,EQ,5,5,4.8,5,5,5,3623,17690.4,17-JUL-2009,
NORTHGATE,BE,33.95,34.25,33.95,34.25,34.25,32.6,8686,297477.95,17-JUL-2009,
NOVAPETRO,EQ,16,16,16,16,16,15.05,3645,58320,17-JUL-2009,
NOVOPANIND,EQ,23,25.25,22.5,23,23,23,1804,42251.85,17-JUL-2009,
NRBBEARING,EQ,42.25,45.2,42.25,44.45,45.2,44.75,620,27115.15,17-JUL-2009,
NRC,BE,6.15,6.4,6.15,6.35,6.35,6.1,7830,49199.5,17-JUL-2009,
NSIL,BE,637,637,613,613,613,606.65,404,254220.8,17-JUL-2009,
NTPC,EQ,206,207.8,203.65,205.25,205.15,205.35,5694389,1171998804.7,17-JUL-2009,
NUCENT,EQ,2.5,2.65,2.5,2.55,2.55,3,2043,5230.05,17-JUL-2009,
NUCHEM,BE,6.2,6.75,6.2,6.35,6.35,6.45,6680,42840.3,17-JUL-2009,
NUCLEUS,EQ,85.5,95.5,85.5,94.4,93.65,84.25,501196,46410466.5,17-JUL-2009,
NUMERICPW,EQ,385,390,365.6,373.9,365.6,380,949,357748.1,17-JUL-2009,
NUTEK,EQ,47.15,48.5,47,47.65,47.35,47.2,5228,249387.5,17-JUL-2009,
OCL,EQ,96.25,98.5,94.5,97.9,98.2,94.3,9647,934351.9,17-JUL-2009,
OCTAV,EQ,23.05,23.05,23.05,23.05,23.05,21.95,2520,58086,17-JUL-2009,
OFSS,EQ,1260,1292.9,1250,1261.6,1256.5,1246.8,36254,46230473.3,17-JUL-2009,
OILCOUNTUB,EQ,60,60.4,58.7,59.8,59.6,58.65,10948,652916.25,17-JUL-2009,
OISL,BE,19.85,20.25,19.8,20.15,20,20.1,22463,449882.4,17-JUL-2009,
OMAXAUTO,EQ,30.05,31,30,30.5,30.4,30,7386,225485.35,17-JUL-2009,
OMAXE,EQ,86,87,85.3,86.05,86.4,84.7,151918,13096591.55,17-JUL-2009,
OMNITECH,EQ,76.25,83.65,75.9,81.75,80.7,77.05,23996,1948710.25,17-JUL-2009,
ONGC,EQ,1028,1049.4,1013.4,1043.05,1043.8,1023,2048604,2113359378.6,17-JUL-2009,
ONMOBILE,EQ,529.5,562,529.5,559.6,560,527.5,731842,402163765.55,17-JUL-2009,
ONWARDTEC,BE,13.95,14.4,13.3,14.25,14.25,13.95,3289,44500.35,17-JUL-2009,
OPTOCIRCUI,EQ,171,171.85,162.2,165.6,166.3,169.7,1556214,257811024.25,17-JUL-2009,
ORBITCORP,EQ,147.3,150.2,144.85,150.2,150.2,143.05,188678,27941375.1,17-JUL-2009,
ORCHIDCHEM,EQ,89.95,89.95,87.6,88.4,88.75,88.15,673033,59851346.15,17-JUL-2009,
ORGINFO,EQ,9.8,9.8,9,9.6,9.6,9.35,52840,489198.05,17-JUL-2009,
ORIENTABRA,EQ,36.7,36.9,35.5,36.3,36.5,36.45,12500,455135.5,17-JUL-2009,
ORIENTBANK,EQ,166.95,168.45,164.75,167.05,167.6,164.65,553118,92401642.55,17-JUL-2009,
ORIENTCERA,EQ,32.5,35.7,31.1,31.8,31.7,32.5,12784,411047.2,17-JUL-2009,
ORIENTHOT,EQ,221.85,221.85,201,203.1,205.95,202,1107,228989.95,17-JUL-2009,
ORIENTPPR,EQ,49.95,51.85,49.25,50.3,50.9,49.5,144185,7291353.25,17-JUL-2009,
OTL,EQ,9.45,10.1,9.35,10,10,10,27213,272009.45,17-JUL-2009,
OUDHSUG,EQ,50.8,53.5,50.8,52.2,52.75,50.65,6818,355557.4,17-JUL-2009,
PAEL,BE,24,24.25,23.45,23.95,23.45,23.65,820,19527.75,17-JUL-2009,
PAGEIND,EQ,589.95,593,572.3,585.75,586,577.75,12223,7207586.55,17-JUL-2009,
PANACEABIO,EQ,132,132,125,126.25,126,127.3,15150,1939694.6,17-JUL-2009,
PANORAMUNI,EQ,212,215,202,208.3,215,208.25,6712,1390591.9,17-JUL-2009,
PANTALOONR,EQ,280,286.95,278.35,281,281,279.1,121226,34333264.25,17-JUL-2009,
PAPERPROD,EQ,40.9,42,40.7,41.6,41.2,41.7,11010,458808.6,17-JUL-2009,
PARACABLES,BE,10.7,11.2,10.55,10.75,10.6,10.95,25320,276621.25,17-JUL-2009,
PARAL,EQ,90.55,93.85,90.5,92.85,92.7,91.45,7618,707617.75,17-JUL-2009,
PAREKHPLAT,EQ,4.55,4.75,4.5,4.75,4.75,4.7,1689,7665.25,17-JUL-2009,
PARSVNATH,EQ,86,87,85.05,85.95,85.4,85.5,548036,47217718.8,17-JUL-2009,
PATELENG,EQ,433.9,446.6,427,438.95,439.45,425.8,178021,78286638.25,17-JUL-2009,
PATINTLOG,EQ,23.35,23.35,22.15,22.55,22.5,22.1,5795,132083.1,17-JUL-2009,
PATNI,EQ,289.4,291.95,280,283.3,282.95,283.1,184902,53035435.6,17-JUL-2009,
PATSPINLTD,BE,7.25,7.25,6.6,6.6,6.6,6.9,2135,15109.75,17-JUL-2009,
PBAINFRA,EQ,57.85,62.6,55,61.85,62.6,52.15,318175,19007168.2,17-JUL-2009,
PDUMJEIND,EQ,13.6,13.6,13.6,13.6,13.6,13.25,100,1360,17-JUL-2009,
PDUMJEPULP,EQ,18.95,18.95,17.5,18.95,18.95,18.05,13333,252608.9,17-JUL-2009,
PEACOCKIND,BE,2.3,2.45,2.3,2.45,2.45,2.3,2000,4750,17-JUL-2009,
PEARLGLOBL,EQ,50.4,50.4,46.85,46.85,46.85,48,21,987.4,17-JUL-2009,
PEARLPOLY,BE,8.25,8.5,8.25,8.25,8.25,8.5,1200,10052.5,17-JUL-2009,
PENINLAND,EQ,63.15,65.45,63.15,64.75,64.95,62.75,48333,3109690.7,17-JUL-2009,
PEPL,BE,3.25,3.35,3.25,3.35,3.35,3.3,180,595,17-JUL-2009,
PETRONENGG,EQ,109.9,109.9,105,107.2,107.95,102.3,1703,181612.4,17-JUL-2009,
PETRONET,EQ,66.4,73.75,66.4,72.3,73.25,65.4,7754787,544293936.2,17-JUL-2009,
PFC,EQ,219,224.5,216.25,218.65,219.5,215.9,1117666,246296118.8,17-JUL-2009,
PFIZER,EQ,766,778,760,762.25,760,768.85,1712,1317261.35,17-JUL-2009,
PFOCUS,EQ,167,172.4,162.5,168.35,168,169.15,6936,1169647.95,17-JUL-2009,
PGHH,EQ,965,970,962.5,966.5,965,958.7,467,451128.85,17-JUL-2009,
PHILIPCARB,BE,69,71.75,68.05,71.55,71.75,68.3,15578,1112348.65,17-JUL-2009,
PHOENIXLTD,EQ,94.05,104.75,94.05,98.25,99,95.15,81691,8106250.8,17-JUL-2009,
PIDILITIND,EQ,114.3,114.3,110.9,111.5,112.05,110.5,13340,1497480.45,17-JUL-2009,
PIONEEREMB,BE,16.7,16.7,15.95,15.95,16,16.1,4989,81786.5,17-JUL-2009,
PIRGLASS,BE,59.5,62,56.2,61.4,61.4,59.15,680,40107,17-JUL-2009,
PIRHEALTH,EQ,319.85,319.85,308.9,311.6,310,312.7,220897,69343315.7,17-JUL-2009,
PIRLIFE,EQ,56,59.9,55.1,57.3,57.25,55.7,6830,386305,17-JUL-2009,
PITTILAM,EQ,31,32.5,31,32.45,32.45,31.1,300,9700.65,17-JUL-2009,
PLASTIBLEN,EQ,130.5,134.6,128,133.25,133.5,130.5,4135,551582.05,17-JUL-2009,
PLETHICO,EQ,184,194,183,192,192,186.9,2331,447037.25,17-JUL-2009,
PNB,EQ,650,698,650,691.15,690,676.15,913578,629166289.2,17-JUL-2009,
PNBGILTS,EQ,22.95,23.5,22.95,23.3,23.5,23,22532,521827,17-JUL-2009,
PNC,EQ,20.8,22,20.45,21,21,20.45,5366,114005,17-JUL-2009,
POCHIRAJU,EQ,13.55,14.7,13.25,14.1,14,13.6,56264,797359.7,17-JUL-2009,
POLARIND,EQ,5.15,5.15,4.95,5,4.95,5,16294,81677.8,17-JUL-2009,
POLARIS,EQ,104.9,111.5,102.5,109.9,110.3,101.7,2057343,221216590.35,17-JUL-2009,
POLYPLEX,EQ,181.95,181.95,179.05,181.4,181.95,178.4,723,130241,17-JUL-2009,
PONNIERODE,EQ,56.9,56.9,53.5,54.65,54.85,55.1,7855,431149.5,17-JUL-2009,
POWERGRID,EQ,112.8,112.8,110.1,111.7,112.1,110.85,2652188,294797869.5,17-JUL-2009,
PPAP,BE,46,46.25,43.05,45.9,45.7,45,3798,174370.35,17-JUL-2009,
PRAENG,BE,27.9,28.5,27.05,28.5,28.5,27.1,85189,2407298.05,17-JUL-2009,
PRAJIND,EQ,80,82.1,80,81.55,81.95,79.45,2597316,210292095.1,17-JUL-2009,
PRAKASH,EQ,113.1,115.25,113.1,113.65,113.8,112.25,119301,13618012.95,17-JUL-2009,
PRATIBHA,EQ,162,164,159.15,161.65,162.15,158.4,18664,3000262.9,17-JUL-2009,
PRECOT,BE,48.1,51.3,47.85,48.2,48,50.35,6690,322930,17-JUL-2009,
PRECWIRE,EQ,40.7,40.7,36.2,36.95,37.05,36.55,5998,223719.05,17-JUL-2009,
PREMIER,EQ,68,75.5,65.8,73.65,74,68.25,14487,1068152.65,17-JUL-2009,
PRETAILDVR,EQ,197,210,197,207.2,210,205.95,811,167291.1,17-JUL-2009,
PRICOL,BE,10.15,10.95,10.15,10.5,10.65,10.6,37615,400854.8,17-JUL-2009,
PRIMESECU,BE,28.4,28.65,27.6,28.65,28.65,27.25,5341,152144.35,17-JUL-2009,
PRISMCEM,EQ,39.9,41,39.3,40.45,40.85,38.95,752385,30144744.9,17-JUL-2009,
PRITHVI,EQ,54,57,54,56.25,56.75,54,102314,5699710.4,17-JUL-2009,
PROVOGUE,EQ,45.85,47,45.65,47,47,44.75,1240692,57322933.15,17-JUL-2009,
PSL,EQ,114.8,119.5,114.75,118.1,118.85,113.6,101736,11991261.85,17-JUL-2009,
PSTL,BE,21.65,22.6,21.35,21.85,22,21.55,96734,2121378.3,17-JUL-2009,
PSUBNKBEES,EQ,258,262.8,258,262.8,262.8,253,166,43078,17-JUL-2009,
PTC,EQ,88.1,88.9,86.1,87.5,87.35,87.2,5459433,477595047.7,17-JUL-2009,
PTL,BE,14.05,14.6,14.05,14.6,14.6,14.4,850,12257.5,17-JUL-2009,
PUNJABCHEM,EQ,149,151.9,147.5,149.25,148,147.5,7282,1084424.65,17-JUL-2009,
PUNJLLOYD,EQ,215.95,225.9,214.6,222.1,224,213,8384439,1857291317.65,17-JUL-2009,
PURVA,EQ,73,74.1,71,73.3,73.4,70.95,157404,11425257.2,17-JUL-2009,
PVP,EQ,27.5,28.8,26.8,28.7,28.4,27.4,18847,533763.9,17-JUL-2009,
PVR,EQ,99.1,104.9,99.1,101.25,100.5,98.8,20228,2057161.3,17-JUL-2009,
QGOLDHALF,EQ,728,735.93,728,732.26,733.95,727.68,522,383097.32,17-JUL-2009,
QNIFTY,EQ,431,436,431,435,436,424,89,38491.55,17-JUL-2009,
QUINTEGRA,BE,6.2,6.55,6.2,6.55,6.55,6.2,23802,155341.55,17-JUL-2009,
RADAAN,BE,3.4,3.45,3.2,3.35,3.25,3.35,12495,41828.05,17-JUL-2009,
RADICO,EQ,82.05,85.5,82.05,83.2,83,82.05,193233,16256922.5,17-JUL-2009,
RAINCOM,EQ,139.85,146,133.6,142.4,145,136.95,49657,6958570.35,17-JUL-2009,
RAJESHEXPO,EQ,39,39.5,38.2,38.85,38.9,38.2,476600,18465828.2,17-JUL-2009,
RAJRAYON,EQ,8.7,8.85,8.65,8.85,8.85,8.75,1346,11756.6,17-JUL-2009,
RAJSREESUG,EQ,71.7,72,68.2,70.4,71.85,69.6,5200,365742.75,17-JUL-2009,
RAJTV,EQ,44.65,49.5,44.65,46.5,46,45.45,48597,2297962.5,17-JUL-2009,
RAJVIR,EQ,62,62.1,62,62.05,62.05,59.1,359,22263.1,17-JUL-2009,
RALLIS,EQ,735,749,718.3,729.2,730,725.85,9926,7245781.05,17-JUL-2009,
RAMANEWS,EQ,16.55,16.95,16,16.3,16.5,16.55,20263,331593.4,17-JUL-2009,
RAMCOIND,EQ,890,942,890,903.55,901,883.15,4617,4196349.1,17-JUL-2009,
RAMCOSYS,BE,105,106.9,104.05,105.8,105.85,101.8,14561,1555150.1,17-JUL-2009,
RAMSARUP,BE,40.4,40.4,38.5,39.5,39.5,39.55,2100,82480.5,17-JUL-2009,
RANASUG,BE,11.6,11.85,11.25,11.4,11.4,11.55,67091,769923.95,17-JUL-2009,
RANBAXY,EQ,266.8,266.8,261.1,262.7,262.95,258.5,1206335,318603717.55,17-JUL-2009,
RANEHOLDIN,EQ,75.3,76.05,75.3,76,76,74,301,22876.55,17-JUL-2009,
RATNAMANI,EQ,73.25,73.95,72.3,73.2,72.95,72,6635,485455.75,17-JUL-2009,
RAYMOND,EQ,160.5,165.95,160.5,163.4,163,160.9,82661,13487211.75,17-JUL-2009,
RBL,EQ,51.5,54.25,49.95,53.2,53.45,50.95,1936,100070.95,17-JUL-2009,
RCF,EQ,64.05,65.45,63.3,64.45,65.1,63.05,729971,46881825.85,17-JUL-2009,
RCOM,EQ,275,276,267.55,273.1,273.3,270,9044794,2464914329.4,17-JUL-2009,
RECLTD,EQ,176.8,184.4,176.5,179.1,182,174.5,2221850,403228671.5,17-JUL-2009,
REDINGTON,EQ,230,231.9,215.1,218.05,217.5,215.05,12644,2823284.55,17-JUL-2009,
REGENCERAM,BE,7.7,8.1,7.7,8,8,8.1,2325,18525,17-JUL-2009,
REIAGROLTD,EQ,62.3,64.7,62,63.95,63.75,62.85,319175,20179747.5,17-JUL-2009,
REISIXTEN,EQ,990,1003,946.25,999.55,1003,989.1,605,603846.45,17-JUL-2009,
RELBANK,EQ,679,691,660.25,676.5,675,657.75,325,220312.78,17-JUL-2009,
RELCAPITAL,EQ,822,878.7,820.25,868.65,873,811.6,5597202,4756923928.85,17-JUL-2009,
RELGOLD,EQ,1429,1429,1418,1420.54,1420,1421.98,2691,3827368.23,17-JUL-2009,
RELIANCE,EQ,1945.1,1966,1925.3,1937.05,1940,1935.4,3305062,6434521074.75,17-JUL-2009,
RELIGARE,EQ,390.2,402,390.2,393.95,394.5,390.65,24516,9738087.7,17-JUL-2009,
RELINFRA,EQ,1075.1,1166.65,1075.1,1152.6,1160,1060.4,4395327,4935732482.55,17-JUL-2009,
REMSONSIND,EQ,17.05,17.05,17.05,17.05,17.05,17.95,200,3410,17-JUL-2009,
RENUKA,EQ,137.2,146.7,135.3,145.1,145.85,135.85,4326391,611727815,17-JUL-2009,
REPRO,EQ,98.95,100,97.55,98.05,98,97.5,460,45129.5,17-JUL-2009,
RESURGERE,EQ,95,97.4,93.9,94.85,94.5,93.55,30974,2965580.45,17-JUL-2009,
REVATHI,EQ,518.05,535,518.05,522.2,522.2,521.45,343,180172.45,17-JUL-2009,
RICOAUTO,EQ,17.45,17.7,16.6,17,17,16.9,137716,2351734.65,17-JUL-2009,
RIIL,EQ,980,1013,966.6,990.95,994,971.75,990697,983629335.15,17-JUL-2009,
RJL,EQ,37,40.35,37,37.65,37.6,38.95,7203,276685.25,17-JUL-2009,
RKFORGE,EQ,61.6,64.95,61.1,63.75,64.55,61.45,1485,93556.25,17-JUL-2009,
RMCL,BE,15.1,16.2,15.1,16,16,15.75,8638,138205.8,17-JUL-2009,
RML,EQ,35,37.45,35,36,36,35.5,143,5156.75,17-JUL-2009,
RNRL,EQ,81.15,83.9,79.6,82.95,83.7,80.35,36251298,2982849267.75,17-JUL-2009,
ROHITFERRO,EQ,31.8,31.8,29.4,29.85,30.2,29.8,209204,6378735.7,17-JUL-2009,
ROHLTD,EQ,53.1,54.45,52.75,53.7,54,52.85,33984,1822770.95,17-JUL-2009,
ROLTA,EQ,120,132.7,120,130.05,131.8,119,6295835,793445192,17-JUL-2009,
ROMAN,EQ,35.25,42,35.25,38.95,38.5,36.25,19497,768192,17-JUL-2009,
RPGCABLES,EQ,16.65,16.65,16.65,16.65,16.65,15.1,11062,184182.3,17-JUL-2009,
RPGLIFE,BE,29.45,29.45,27.15,28.9,29,28.5,3721,106078.95,17-JUL-2009,
RPL,EQ,121.7,122.4,119.9,120.65,121,120.3,4171214,505722974,17-JUL-2009,
RPOWER,EQ,166.5,168.5,163.7,166,166.7,164.35,3809414,634002014,17-JUL-2009,
RSSOFTWARE,BE,25,26,25,25.7,25.7,25.25,2525,64557,17-JUL-2009,
RSWM,EQ,57.2,57.2,54,54.4,54,54.75,5945,327244.45,17-JUL-2009,
RSYSTEMS,EQ,85,85,81.25,84.4,84.65,83.5,6517,549249.25,17-JUL-2009,
RUBYMILLS,EQ,610,610,589.9,594.95,595,596.2,412,249526.1,17-JUL-2009,
RUCHINFRA,BE,23.5,25.1,23.5,25,25.1,23.9,1785,43405.5,17-JUL-2009,
RUCHIRA,BE,6.9,6.9,6.9,6.9,6.9,6.95,626,4319.4,17-JUL-2009,
RUCHISOYA,EQ,38.6,39.5,37.75,38.65,38.25,38.2,407245,15750227,17-JUL-2009,
SABERORGAN,EQ,29.7,29.8,29,29.8,29.8,28.35,421980,12508591.2,17-JUL-2009,
SABTN,BE,17.6,18.7,17.6,18.1,18.1,17.85,2326,42159.75,17-JUL-2009,
SADBHAV,EQ,688,760,688,713.1,709.05,670.25,20980,15325830.35,17-JUL-2009,
SAGCEM,EQ,198.35,216.95,198.15,214.85,211.05,208.55,2105,433502.7,17-JUL-2009,
SAHPETRO,EQ,18.5,19.05,18.25,18.35,18.25,18.4,6045,112181,17-JUL-2009,
SAIL,EQ,161.1,170,160.5,168.1,168.9,159.05,11731225,1933388225.75,17-JUL-2009,
SAKHTISUG,BE,53.9,55,51.1,53.65,53.1,52.7,59612,3159716.5,17-JUL-2009,
SAKSOFT,EQ,37.9,39.4,37.8,38.25,38.8,37.8,5971,228250.85,17-JUL-2009,
SAKUMA,EQ,9,9.45,8.8,8.9,8.8,9.1,6120,54896.7,17-JUL-2009,
SAKUMA,P1,50.25,65.05,50.25,65.05,65.05,55.6,30,1729.5,17-JUL-2009,
SALORAINTL,EQ,39,39,37.55,38.3,38.05,38,4057,155243.8,17-JUL-2009,
SALSTEEL,BE,10.5,10.5,10,10.1,10.4,10,38184,394214.6,17-JUL-2009,
SAMBHAAV,EQ,1.95,2.2,1.85,1.9,1.85,2,2653,5197.05,17-JUL-2009,
SAMTEL,BE,13.25,13.9,13,13.05,13,13.65,18825,248262.7,17-JUL-2009,
SANDESH,EQ,140,148.9,139,139.35,141.95,147,251,35151.05,17-JUL-2009,
SANGAMIND,BE,18.8,20.2,18.3,19.6,19.6,19.2,8591,163195,17-JUL-2009,
SANGHIIND,EQ,26.65,28.2,26.3,27.5,27.5,26.5,6126,165913.25,17-JUL-2009,
SANGHIPOLY,EQ,2.35,2.5,2.35,2.45,2.5,2.35,10990,26873.05,17-JUL-2009,
SANGHVIMOV,EQ,166,170,165.1,167.35,168.95,164.9,22662,3781119.95,17-JUL-2009,
SANWARIA,EQ,82,89.9,81,81.4,82,81.75,11060,924948.2,17-JUL-2009,
SAPL,EQ,10.9,10.95,10.45,10.65,10.55,10.6,31036,334550.5,17-JUL-2009,
SAREGAMA,BE,81.85,83.95,80.35,83,83.45,81.5,2925,241190.55,17-JUL-2009,
SARLAPOLY,EQ,52.15,62.4,52.15,55.35,55,57,275,15360.2,17-JUL-2009,
SASKEN,EQ,127,143,126,139.9,142,124.65,2483810,339405370.95,17-JUL-2009,
SATHAISPAT,EQ,28.9,28.9,26.3,27.1,27.4,26.9,11252,307107.15,17-JUL-2009,
SATYAMCOMP,EQ,83.55,90.4,83.1,89.3,90,82.05,68289385,5915198093.65,17-JUL-2009,
SAVITACHEM,EQ,171,175,170,173.05,173,169.05,1045,179959.25,17-JUL-2009,
SB&TINTL,EQ,8.4,8.5,7.6,8.25,8.25,7.75,13521,110823.45,17-JUL-2009,
SBIGETS,EQ,1498.84,1500,1480,1490.39,1487,1493.01,1186,1769851.03,17-JUL-2009,
SBIN,EQ,1620,1683,1617,1673.95,1673.15,1604.2,1838238,3051455783.05,17-JUL-2009,
SCI,EQ,127,128.9,125.2,126.55,126.85,124.1,555365,70235893.15,17-JUL-2009,
SEAMECLTD,EQ,144,144.8,140,140.6,141.35,140.45,25212,3594618.25,17-JUL-2009,
SEINVEST,EQ,172,176.3,169.1,173.45,170.5,175.75,1036,179053.5,17-JUL-2009,
SEJALGLASS,EQ,36.5,38,35.3,35.85,35.9,36.05,53299,1934692.5,17-JUL-2009,
SELAN,EQ,177,180,173.25,177.15,177.75,175.2,13665,2428249.75,17-JUL-2009,
SELMCL,EQ,59,60.95,57.25,59.85,59.95,59.25,69914,4199006.75,17-JUL-2009,
SESAGOA,EQ,213,222.7,212.55,218.35,219.2,210.95,8346395,1823638194.4,17-JUL-2009,
SESHAPAPER,EQ,85,90,85,85.35,87,87,523,45496.9,17-JUL-2009,
SGFL,BE,11,11.1,11,11.1,11.1,11,418,4638,17-JUL-2009,
SGL,BE,7.85,7.85,7.75,7.75,7.75,7.7,3,23.4,17-JUL-2009,
SHAHALLOYS,BE,19,20.15,19,19.55,19.55,19.25,900,17540,17-JUL-2009,
SHALPAINTS,EQ,179,179,179,179,179,187.15,1,179,17-JUL-2009,
SHANTIGEAR,EQ,38.85,41,38.85,40.1,40.4,39.5,76279,3058192.65,17-JUL-2009,
SHARIABEES,EQ,102.5,102.5,102.5,102.5,102.5,102,1544,158260,17-JUL-2009,
SHARRESLTD,EQ,65,70.9,65,67.85,65.15,66.8,1661,108671.45,17-JUL-2009,
SHASUNCHEM,BE,19.7,20.5,19.7,19.95,20,20.1,14815,296877.6,17-JUL-2009,
SHIV-VANI,EQ,299.5,314.4,295.5,310.1,311,294.7,240051,73603964.7,17-JUL-2009,
SHIVAMAUTO,EQ,52.55,59.8,52.1,55.75,53.5,53.15,2015,109635.55,17-JUL-2009,
SHIVTEX,EQ,17.25,19.9,17.25,19,19,18.5,308,5902.25,17-JUL-2009,
SHLAKSHMI,EQ,47.5,50,46,48.1,48,47.15,8210,395360.05,17-JUL-2009,
SHOPERSTOP,EQ,145,153,143,148.55,148.05,143.5,1195,178356.85,17-JUL-2009,
SHREEASHTA,EQ,585,585,566.25,570.3,574,565.9,91052,51986111.2,17-JUL-2009,
SHREECEM,EQ,1310,1350,1308,1347.6,1348,1303.05,8015,10667512,17-JUL-2009,
SHREERAMA,BE,4.55,4.75,4.45,4.7,4.7,4.5,26201,122174.75,17-JUL-2009,
SHRENUJ,EQ,20,20.8,20,20.45,20.3,20.1,1495,30517.3,17-JUL-2009,
SHREYANIND,EQ,33,33,33,33,33,32.35,100,3300,17-JUL-2009,
SHREYAS,BE,28.4,29.8,27.6,29.1,28.2,28.4,6269,180313.7,17-JUL-2009,
SHRIRAMCIT,EQ,342.45,345,338.1,341,341,341.05,291,99588.9,17-JUL-2009,
SHRIRAMEPC,EQ,160,166.15,155.3,164,164,160.15,3445,557615.8,17-JUL-2009,
SHYAMTEL,BE,64.3,65.45,63.55,64.3,64,62.3,6098,395191.1,17-JUL-2009,
SICAGEN,BE,6.8,7.2,6.8,6.85,6.9,6.9,32818,230390.2,17-JUL-2009,
SICAL,BE,34,35.9,33.6,35.35,35.05,34.45,17489,618134.85,17-JUL-2009,
SIEMENS,EQ,430,456,425.25,452.9,454.5,423.55,1026997,456960667.3,17-JUL-2009,
SIGROUPIND,EQ,68.5,68.5,68,68,68,68.2,908,61794,17-JUL-2009,
SIL,EQ,22.95,23.75,22.5,23.4,23.6,22,171447,3992490.4,17-JUL-2009,
SILINV,EQ,68,76.9,68,72.65,74,71.2,486,34900.9,17-JUL-2009,
SIMBHSUGAR,EQ,40.2,40.2,38,38.6,38.6,38.85,2795,108628.05,17-JUL-2009,
SIMPLEX,EQ,108,112,103.75,108.3,107.1,103.25,4317,470770.15,17-JUL-2009,
SIMPLEXINF,EQ,402.9,409,399,403.25,403.95,390.05,89239,36135120.6,17-JUL-2009,
SINTEX,EQ,189.95,194,186.2,189.1,190.65,187.75,526238,100427552.45,17-JUL-2009,
SIRPAPER,EQ,46,48.65,46,47.85,47.9,46.65,1357,64027.95,17-JUL-2009,
SITASHREE,EQ,9.8,9.9,9.3,9.5,9.5,9.45,62131,596918.8,17-JUL-2009,
SIYSIL,EQ,92.5,92.5,92,92,92,92.55,351,32417.5,17-JUL-2009,
SKFINDIA,EQ,253,258.8,248,253,257,251.1,15085,3839789.5,17-JUL-2009,
SKMEGGPROD,BE,16.55,16.95,16,16.95,16.95,16.6,6618,108961.25,17-JUL-2009,
SKUMARSYNF,EQ,38.5,39.1,38.1,38.6,38.8,37.85,1581623,61017378,17-JUL-2009,
SMSPHARMA,EQ,124.95,129,121.4,124.4,125.1,125,26283,3254979.9,17-JUL-2009,
SOBHA,EQ,192.5,192.5,188.1,190.85,191.3,185.85,230956,43961017.05,17-JUL-2009,
SOFTPRO,BE,227.5,230,218,230,230,228.95,1156,262176.45,17-JUL-2009,
SOFTTECHGR,EQ,10,10.7,10,10,10,10.15,2468,24923.2,17-JUL-2009,
SOLARINDS,EQ,295,300,287.2,297.2,300,290.9,1825,535940,17-JUL-2009,
SOLEMS,EQ,28.75,28.75,26.15,28.35,28.35,27.35,1242,35164,17-JUL-2009,
SOMANYCERA,EQ,70,70,68.4,69.65,70,67.1,1538,107144.5,17-JUL-2009,
SOMATEX,BE,10.3,10.4,10.3,10.4,10.4,9.9,3110,32213.8,17-JUL-2009,
SONASTEER,BE,9.5,9.8,9.3,9.7,9.7,9.5,24569,235343.3,17-JUL-2009,
SONATSOFTW,EQ,30.55,32.45,30.55,31.45,31.6,30.1,498566,15787589.7,17-JUL-2009,
SOUTHBANK,EQ,99,103.3,98.15,102.35,103,98.3,508732,51568429.4,17-JUL-2009,
SPARC,EQ,68,69.4,67.3,67.7,67.65,67.75,108639,7435715.7,17-JUL-2009,
SPENTEX,BE,8,8.5,8,8.25,8.25,8.3,4139,34415.8,17-JUL-2009,
SPIC,BE,8.5,8.9,8.3,8.75,8.65,8.55,17971,154387.7,17-JUL-2009,
SPICEMOBIL,BE,14.2,14.3,14.2,14.3,14.3,13.6,5692,81275.6,17-JUL-2009,
SPICETELE,EQ,59.55,63.5,59.4,61.4,61.5,59,262326,16091236.55,17-JUL-2009,
SPLIL,BE,7.55,7.9,7.45,7.65,7.65,7.55,3700,28143.4,17-JUL-2009,
SREINTFIN,EQ,58.9,62.5,58,61.95,61.8,57.7,2627952,160192956.85,17-JUL-2009,
SRF,EQ,107.85,109.9,107.1,107.9,108,107.05,83139,9011812.3,17-JUL-2009,
SRGINFOTEC,BE,0.85,0.95,0.85,0.85,0.85,0.9,84991,72667.75,17-JUL-2009,
SRHHYPOLTD,EQ,27.05,29.35,27.05,27.85,28,28.05,2053,57221.75,17-JUL-2009,
SRTRANSFIN,EQ,307,312.5,302,309.95,310.1,305.2,24852,7664485.95,17-JUL-2009,
SSWL,EQ,61,61.9,59,60.35,61.9,60.65,3824,232655.2,17-JUL-2009,
STAR,EQ,162.2,162.2,136,140.7,140.2,135.65,38286,5367319.35,17-JUL-2009,
STARPAPER,BE,27,28.5,27,28.5,28.5,28.1,2311,65038.5,17-JUL-2009,
STCINDIA,EQ,375,395,370.3,373.65,377.9,368.35,274958,104591235.55,17-JUL-2009,
STEELTUBES,BE,2,2.1,1.9,2.1,2.1,2,9761,19258.4,17-JUL-2009,
STER,EQ,592,598,560.05,588.3,586.8,590.15,8724176,5100816790.45,17-JUL-2009,
STERLINBIO,EQ,110.4,111.8,110,110.8,110.7,109.95,237782,26370887.85,17-JUL-2009,
STINDIA,BE,5.75,6,5.75,6,6,6,1825,10925,17-JUL-2009,
STRTECH,EQ,192.3,194.55,182.15,194.1,194.55,185.25,260898,50210116.5,17-JUL-2009,
SUBEX,BE,70.45,71.95,68.55,70.35,69.15,70.55,103144,7246743.05,17-JUL-2009,
SUBHASPROJ,EQ,142,145,138,139.65,138.5,139.15,72097,10160643.5,17-JUL-2009,
SUBROS,EQ,24.35,25,24.2,24.65,25,24.25,32193,791781.9,17-JUL-2009,
SUDARSCHEM,EQ,164.25,170,164.25,165.25,165.25,172.45,680,114525,17-JUL-2009,
SUJANATOW,EQ,24.65,24.65,24.15,24.65,24.65,23.45,158539,3895113.35,17-JUL-2009,
SUJANAUNI,EQ,8,8.75,7.8,8.75,8.75,7.95,367155,3163038.9,17-JUL-2009,
SUMMIT,BE,9.45,9.7,8.8,9.7,9.7,9.2,41039,391369.65,17-JUL-2009,
SUNCLAYTON,BE,121,129,121,128.3,129,127.15,1411,171364.25,17-JUL-2009,
SUNDARMFIN,EQ,274.5,285,271.4,275,275,269.4,1024075,281724876.15,17-JUL-2009,
SUNDRMBRAK,EQ,130.1,133.75,130.1,132.75,133.75,133.05,486,64344.3,17-JUL-2009,
SUNDRMFAST,EQ,26.6,27.9,25.9,26.45,26.6,27,78586,2076012.35,17-JUL-2009,
SUNFLAG,EQ,19.5,20.8,19.5,20.1,20.15,18.95,1433182,28884827.75,17-JUL-2009,
SUNILHITEC,EQ,144.85,148.8,144.1,148.15,148.8,141.7,56615,8367836.05,17-JUL-2009,
SUNPHARMA,EQ,1180,1266,1180,1244.1,1248,1220.95,360167,440425281.35,17-JUL-2009,
SUNTV,EQ,235.1,246.45,230.2,243.9,243,232.25,209302,50210570.65,17-JUL-2009,
SUPERSPIN,BE,7,7.6,7,7.6,7.6,7.2,8452,62389.7,17-JUL-2009,
SUPPETRO,EQ,17.3,20.85,17.3,20.35,20.6,19.05,105601,2129467.65,17-JUL-2009,
SUPRAJIT,EQ,53,56.15,53,55.9,56,54.35,3423,188471.65,17-JUL-2009,
SUPREMEIND,EQ,290,303,288.55,299.6,295,282.8,33007,9810912.35,17-JUL-2009,
SUPREMEINF,EQ,77.1,83,77.1,81.5,80.05,77.25,14248,1151435.35,17-JUL-2009,
SUPREMETEX,BE,9.3,9.3,9.3,9.3,9.3,9.5,500,4650,17-JUL-2009,
SURAJDIAMN,EQ,35.3,35.3,33.25,34.5,34.4,33.25,25981,895868.25,17-JUL-2009,
SURANACORP,EQ,25,26.5,25,26.5,26.5,26,312,8022,17-JUL-2009,
SURANATELE,EQ,27.1,28.5,27.1,27.9,28,27.2,15974,444913.6,17-JUL-2009,
SURYAJYOTI,BE,16,16.9,15.85,16.9,16.9,16.55,895,14360.5,17-JUL-2009,
SURYALAXMI,BE,16.9,17.8,16.9,17.25,17.25,16.95,870,15358,17-JUL-2009,
SURYAPHARM,EQ,87.95,89.7,85.2,86.85,86,85.9,10827,953821.45,17-JUL-2009,
SURYAROSNI,BE,36.9,38.5,36.9,37.95,37.55,36.75,19419,731575.15,17-JUL-2009,
SUTLEJTEX,BE,54.5,55,54.5,55,55,54.5,175,9570,17-JUL-2009,
SUVEN,EQ,19.35,20.35,19.35,19.75,19.9,19.6,67285,1341467.75,17-JUL-2009,
SUZLON,EQ,93,97.5,93,95.7,95.3,92.8,42693818,4077671890.55,17-JUL-2009,
SWARAJENG,BE,290.7,300,290.7,295.3,294,293.1,1833,545296.1,17-JUL-2009,
SWARAJMAZD,BE,211,211,211,211,211,211.5,50,10550,17-JUL-2009,
SYNDIBANK,EQ,73.1,74.3,72.7,73.55,73.55,72.55,402469,29583853.35,17-JUL-2009,
TAINWALCHM,EQ,16,16.25,16,16,16,15.5,5975,95725,17-JUL-2009,
TAJGVK,EQ,90,91.35,86.1,89.65,90.25,89.7,187088,16752852.1,17-JUL-2009,
TAKE,EQ,32.8,33.35,32.2,32.6,32.65,32.3,42119,1373112.05,17-JUL-2009,
TALBROAUTO,BE,34.25,35,34,34.95,34.95,34.05,236,8158.05,17-JUL-2009,
TANLA,EQ,61.4,64.4,61.15,63.35,63.3,60.5,553610,34814102.15,17-JUL-2009,
TANTIACONS,EQ,83.8,83.8,78.5,79.85,78.55,79.9,29604,2381161.3,17-JUL-2009,
TATACAP,N1,107400,107490,107400,107490,107490,106499.65,2,214890,17-JUL-2009,
TATACAP,N2,1093,1112.5,1092.25,1111.95,1109,1108.44,305,338447.4,17-JUL-2009,
TATACAP,N3,1127.05,1134.9,1126,1127.41,1130,1129.78,4691,5294649.15,17-JUL-2009,
TATACAP,N4,1140.5,1143.98,1140.5,1141.3,1142,1140.9,743,848177.55,17-JUL-2009,
TATACHEM,EQ,206,208.2,204.7,206.55,207.9,204.9,592474,122389385.3,17-JUL-2009,
TATACOFFEE,EQ,198,199,194.7,197.25,196.6,194.45,5340,1049707.5,17-JUL-2009,
TATACOFFEE,N1,144.95,145,144.95,145,145,143.05,44,6378.4,17-JUL-2009,
TATACOMM,EQ,473.35,495,473.25,491.35,492,474,471691,229257034.3,17-JUL-2009,
TATAELXSI,EQ,142.5,146.2,141.85,145.35,146,141.15,116707,16886986.1,17-JUL-2009,
TATAINVEST,EQ,373,376.85,370,374.65,373.2,371.5,2576,962632.6,17-JUL-2009,
TATAMETALI,BE,86,90.25,82.5,88.95,89,86,6871,609632.35,17-JUL-2009,
TATAMOTORS,EQ,300,318,299.9,315.8,317.5,296.7,4384270,1370740445.25,17-JUL-2009,
TATAMTRDVR,EQ,272.4,272.4,272.4,272.4,272.4,259.4,7,1906.8,17-JUL-2009,
TATAPOWER,EQ,1099,1182,1087.2,1144.75,1160,1092.2,745586,840392925.45,17-JUL-2009,
TATASPONGE,EQ,187.3,188,180.2,186.25,186.85,186.75,11466,2134457.4,17-JUL-2009,
TATASTEEL,EQ,399,399,385.5,392.35,391.2,384.2,7822276,3064854275.75,17-JUL-2009,
TATASTEEL,Q1,63.65,65.15,63.5,64.7,64.75,62.85,395056,25500549.3,17-JUL-2009,
TATATEA,EQ,756.55,761.45,748,752.6,750,753.9,208936,157704557.45,17-JUL-2009,
TCI,EQ,64,65.5,62.3,64,64.5,61.6,21611,1391063.85,17-JUL-2009,
TCIFINANCE,BE,15.45,15.5,14.8,15.5,15.5,14.75,4214,65115.3,17-JUL-2009,
TCS,EQ,421.4,445.75,421,434.1,433.3,419.8,4547478,1980438639.85,17-JUL-2009,
TECHM,EQ,716.75,746.1,710,734.25,742,705.75,1833038,1328439516.95,17-JUL-2009,
TECHNOELEC,EQ,116,128.5,116,119.25,119.25,117.65,1924,232660.35,17-JUL-2009,
TELEDATAGL,EQ,9.5,9.65,9.1,9.15,9.2,9.25,419206,3899239.85,17-JUL-2009,
TELEDATAIT,EQ,11.2,11.3,9.7,9.85,10,10.85,1678832,17002131.7,17-JUL-2009,
TEXMACOLTD,EQ,98.7,104.2,98,101.65,101,98.35,958718,97706681.4,17-JUL-2009,
TFCILTD,BE,20,20.2,19.35,19.75,19.95,19.6,28254,561500.6,17-JUL-2009,
TFL,EQ,12,12.25,11.45,11.45,11.45,11.45,201,2460.2,17-JUL-2009,
THEMISMED,EQ,74.75,76.5,72,72.55,72.55,70.55,900,67182.5,17-JUL-2009,
THERMAX,EQ,442.1,449,441.95,446.65,443.6,439.1,1014651,451538632,17-JUL-2009,
THIRUSUGAR,EQ,105.05,110,100.05,105,105,103.75,111,11660,17-JUL-2009,
THOMASCOOK,EQ,49,51.8,49,50.55,50.75,49.3,38554,1947564.2,17-JUL-2009,
TIDEWATER,EQ,3860,3900,3860,3885.55,3870,3851.5,210,815748.7,17-JUL-2009,
TIIL,EQ,30.1,31,30,30.3,30.9,30.1,833,25146.1,17-JUL-2009,
TIL,EQ,215,248,209,237.9,237.55,209.95,123339,28193177.6,17-JUL-2009,
TIMESGTY,EQ,16.6,18.2,16.45,16.9,16.5,18.25,835,14344.25,17-JUL-2009,
TIMETECHNO,EQ,38.6,39,36.65,37.25,37.6,37.3,28541,1073499.75,17-JUL-2009,
TIMKEN,EQ,84.85,84.85,80.4,82.5,81.5,81.6,4837,396634.65,17-JUL-2009,
TINPLATE,BE,41.5,43.75,40.1,43.5,43.75,41.65,16148,700991.75,17-JUL-2009,
TIPSINDLTD,EQ,34.5,35.9,34.5,35.65,35.75,33.55,10573,373371.9,17-JUL-2009,
TIRUMALCHM,BE,79.55,84.85,79.55,84.85,84.85,80.8,6782,571211.75,17-JUL-2009,
TITAN,EQ,1220,1220,1186.6,1208.2,1215,1198.6,15652,18879972.65,17-JUL-2009,
TITAN,N1,232,242,232,241.25,242,245,54,12978,17-JUL-2009,
TNPETRO,BE,13.95,14.1,13.3,13.5,13.5,13.6,16113,218735.5,17-JUL-2009,
TNPL,EQ,78.7,78.9,77.5,78.45,78.6,77.5,20996,1649079.15,17-JUL-2009,
TNTELE,EQ,8.1,8.95,8.1,8.45,8.9,8.6,3456,29016.65,17-JUL-2009,
TODAYS,EQ,21.9,22,21.2,21.8,21.85,20.9,16448,356249.4,17-JUL-2009,
TORNTPHARM,EQ,182,183.65,181,181.2,181.6,182.35,10038,1825805.8,17-JUL-2009,
TORNTPOWER,EQ,188,200.75,188,197.75,199.4,193.55,460543,90410655.5,17-JUL-2009,
TREADS,EQ,5.05,5.3,5.05,5.2,5.2,5.1,4520,23152.75,17-JUL-2009,
TRENT,EQ,481.1,494,481.1,487.1,489.9,484.15,1527,742266.5,17-JUL-2009,
TRENT,N1,530.05,530.05,530,530.02,530,520,40,21201,17-JUL-2009,
TRICOM,EQ,14.6,15.25,14.6,14.8,14.75,14.85,7614,113047.2,17-JUL-2009,
TRIGYN,BE,15.1,15.65,15,15.15,15,14.9,18748,287609.45,17-JUL-2009,
TRIL,EQ,293,298,290,296.05,297,289.65,4827,1420715.4,17-JUL-2009,
TRIVENI,EQ,97,101.9,96.55,100.7,101.45,95.7,1223476,121450570.4,17-JUL-2009,
TTKPRESTIG,EQ,123.8,139.5,123.8,134.1,132.5,126.4,16477,2200997.15,17-JUL-2009,
TTL,EQ,11.4,11.4,10.3,10.85,10.7,10.65,66170,710500.55,17-JUL-2009,
TTML,EQ,34,34.7,33.7,34.3,34.55,33.55,4561497,156303301.45,17-JUL-2009,
TUBEINVEST,EQ,57.5,58.5,56,56.15,56.4,56.75,88610,5089125.1,17-JUL-2009,
TULIP,EQ,899.7,912,873.7,880.25,884,885.95,93504,83139170.95,17-JUL-2009,
TULSI,BE,20.5,21,20.1,20.6,20.5,20.2,21684,445436.15,17-JUL-2009,
TV-18,EQ,99,104.4,97,101.8,102,97.6,1072391,108848304.9,17-JUL-2009,
TVSELECT,EQ,20.6,20.65,19.55,19.7,19.6,19.4,5137,102197.05,17-JUL-2009,
TVSMOTOR,EQ,51.45,53.25,50.5,50.8,50.6,50.4,2579275,133216311.95,17-JUL-2009,
TVSSRICHAK,EQ,81,83.95,80.15,81.35,81.35,84,457,37518.7,17-JUL-2009,
TVTODAY,EQ,86.3,91.35,83.55,87.85,86.8,84.8,36193,3208834.85,17-JUL-2009,
TWL,EQ,310,335.9,309.2,321.3,323.05,308.45,237265,76838503.45,17-JUL-2009,
UBENGG,EQ,78.8,78.8,72.8,72.95,72.8,76,6444,481385.2,17-JUL-2009,
UBHOLDINGS,EQ,209,227,201.1,203,201.1,207.2,47933,10257858.9,17-JUL-2009,
UBL,EQ,125.95,130,122.75,127.1,127.7,122.4,61046,7817190.1,17-JUL-2009,
UCALFUEL,EQ,37,40.5,35.3,36.6,36.05,37.3,33852,1259121.4,17-JUL-2009,
UCOBANK,EQ,39.9,40.3,38.55,40,40.1,38.5,1408033,55731213,17-JUL-2009,
UFLEX,EQ,75.15,75.5,72.65,74.55,75,73,48687,3620026.35,17-JUL-2009,
ULTRACEMCO,EQ,747,764.95,741,745.7,744.95,741,98693,73940845,17-JUL-2009,
UMITL,BE,4.5,4.6,4.15,4.4,4.6,4.35,3000,13099.7,17-JUL-2009,
UNICHEMLAB,EQ,203.85,211.2,200.1,208.7,211,201.3,14488,2985359.25,17-JUL-2009,
UNIENTER,EQ,20.85,20.85,20.8,20.85,20.85,18.95,3260,67966,17-JUL-2009,
UNIONBANK,EQ,232.3,240.9,232,239.75,240.25,232.3,471388,111717957.9,17-JUL-2009,
UNIPHOS,EQ,154.5,155.05,148.15,149.7,152,152.6,1662489,250246399.35,17-JUL-2009,
UNIPLY,BE,7,7.25,6.8,6.9,6.9,6.9,5187,36686.2,17-JUL-2009,
UNITECH,EQ,76,77.6,75.2,76.25,76.7,74.7,45944445,3512303828.05,17-JUL-2009,
UNITY,EQ,273,277.85,272.1,273.9,272.1,275.15,18464,5090280.4,17-JUL-2009,
UNIVCABLES,EQ,46.25,49.7,45.5,46.75,47.1,45.9,3639,171734.5,17-JUL-2009,
UPERGANGES,EQ,64.35,65.75,64.35,65.25,65.1,64.9,2042,133411.05,17-JUL-2009,
USHAMART,EQ,45.8,45.8,43.2,44.45,44,44.1,153235,6902624.45,17-JUL-2009,
UTISUNDER,EQ,465,465,465,465,465,423,1,465,17-JUL-2009,
UTTAMSTL,EQ,50,51,47.55,48.65,48.3,49.3,155425,7645733.9,17-JUL-2009,
UTTAMSUGAR,EQ,43.8,44.75,43,44.25,44.5,43.45,6294,276742,17-JUL-2009,
UTVSOF,EQ,336,346,331.1,340.1,340,328.1,42733,14548558.6,17-JUL-2009,
VAIBHAVGEM,BE,17.15,18.9,17.1,18.8,18.9,18,2634,47450.35,17-JUL-2009,
VAKRANSOFT,EQ,66.2,67,61,63.55,63.7,62.6,135409,8695702.45,17-JUL-2009,
VALECHAENG,EQ,70,73.4,68.55,72,72.55,71.1,4237,304963.05,17-JUL-2009,
VALUEIND,EQ,16.65,16.65,14.85,15.2,15.15,15,7932,121555.55,17-JUL-2009,
VARDHACRLC,EQ,9.6,10.55,9.55,10.55,10.55,9.55,727223,7510691.1,17-JUL-2009,
VARDMNPOLY,BE,39.45,39.45,38.6,38.7,38.7,37.9,635,24758.5,17-JUL-2009,
VARUN,EQ,43.65,44.75,43.4,43.95,44,43.05,16903,745050.5,17-JUL-2009,
VARUNSHIP,EQ,56.2,57,56.1,56.35,56.1,55.8,51690,2925367.5,17-JUL-2009,
VENKEYS,BE,120.5,120.9,116.6,116.95,116.7,116.1,341,40152.05,17-JUL-2009,
VENUSREM,EQ,220,226.9,220,225.75,226.9,219,5198,1167230.35,17-JUL-2009,
VESUVIUS,EQ,108.3,115.85,108.3,112.45,112.35,111.5,584,66769.7,17-JUL-2009,
VGUARD,EQ,67.65,69,67.15,67.7,67.45,67.6,17867,1216205.85,17-JUL-2009,
VHL,EQ,179.45,180,179.45,179.75,180,170,167,30017.45,17-JUL-2009,
VICEROY,BE,31.85,31.85,30.3,31.25,31.25,30.8,3463,106374.35,17-JUL-2009,
VIDEOIND,EQ,165,174.25,164.1,172.25,172.15,162.95,1147853,195039015.5,17-JUL-2009,
VIJAYABANK,EQ,41,42,41,41.8,42,40.9,954934,39845987.95,17-JUL-2009,
VIJSHAN,EQ,24.9,26.5,24.05,25.6,25.8,24.15,4862,125849.3,17-JUL-2009,
VIKASHMET,EQ,12,13,12,12.7,12.6,12.15,10208,130398.75,17-JUL-2009,
VIMTALABS,BE,25.2,26.3,25.1,25.45,25.5,25.15,8454,217749.45,17-JUL-2009,
VINCARDS,BE,17.85,17.85,17.1,17.35,17.85,17,230,4065.5,17-JUL-2009,
VINDHYATEL,EQ,155.5,160,155.5,159.95,160,159.05,454,71281.1,17-JUL-2009,
VINYLINDIA,EQ,5.15,5.5,4.75,5.15,5.15,5.15,2963,14760.95,17-JUL-2009,
VIPIND,EQ,44,46.9,44,46.05,46.9,44.9,12740,585530.2,17-JUL-2009,
VISAKAIND,BE,85.6,92,85.6,91.35,91.5,88.95,18020,1638120.4,17-JUL-2009,
VISASTEEL,EQ,26.9,27.4,26.1,27.05,27,26.3,69973,1883909.25,17-JUL-2009,
VISESHINFO,EQ,6.85,6.85,6.3,6.7,6.7,6.65,7021,47193.7,17-JUL-2009,
VISHALEXPO,BE,1.2,1.25,1.15,1.2,1.25,1.15,383644,457103.9,17-JUL-2009,
VISHALRET,EQ,63.8,63.95,60.5,61.4,61.15,61.1,135779,8431653.8,17-JUL-2009,
VISUINTL,EQ,5.6,5.85,5.6,5.8,5.75,5.6,34928,200702.55,17-JUL-2009,
VITLINFO,EQ,55,55,50,52.55,51.9,49.3,310075,16555257.95,17-JUL-2009,
VIVIMEDLAB,BE,71.55,75,69.15,71.9,72,72.15,7877,565348.65,17-JUL-2009,
VLSFINANCE,EQ,10.25,11.15,10.25,10.9,11,10.4,22281,241510.8,17-JUL-2009,
VOLTAMP,EQ,789.9,789.9,770.55,773.8,771.5,773,11388,8873444.95,17-JUL-2009,
VOLTAS,EQ,125.4,131.5,124.55,130.1,131.5,123.7,2758780,355560645.95,17-JUL-2009,
VSTIND,EQ,364.5,375.95,353,371.6,368.5,342.65,25981,9562456.05,17-JUL-2009,
VTL,EQ,124.5,137,123.1,130.6,131,124.6,54840,7202181.6,17-JUL-2009,
WABCO-TVS,EQ,247.9,247.9,239.5,243,243,241.1,57,13818.85,17-JUL-2009,
WALCHANNAG,EQ,197,201.9,194.2,196.15,196.15,194.6,170914,33851722.35,17-JUL-2009,
WANBURY,EQ,48.55,52.5,47,51.55,51.5,49.15,9958,514869.85,17-JUL-2009,
WEBELSOLAR,EQ,224.95,224.95,216.05,224.95,224.95,214.2,76952,17211255.95,17-JUL-2009,
WEIZMANIND,EQ,20,20.75,19.4,20,20,19.75,1948,39905,17-JUL-2009,
WELGUJ,EQ,201,206,192.1,195.8,195.5,197.35,6905714,1371327422.1,17-JUL-2009,
WELSPUNIND,BE,30.55,33.6,30.4,31.25,30.4,32,10729,344045.35,17-JUL-2009,
WENDT,EQ,495,513,490,500,500,495,87,43505,17-JUL-2009,
WHEELS,EQ,153,168.8,153,160,160,158.55,826,133368.35,17-JUL-2009,
WILLAMAGOR,EQ,31,33.85,31,33.2,33.25,31.75,3151,104717.75,17-JUL-2009,
WINSOMYARN,EQ,10.8,12.55,10.8,11.7,11.5,11.4,6252,73921.35,17-JUL-2009,
WIPRO,EQ,418.55,436.7,418.55,429.45,431.35,416.6,1372234,589532762.35,17-JUL-2009,
WOCKPHARMA,EQ,127.7,132.85,125,129.5,130.5,124.15,110060,14285551.75,17-JUL-2009,
WSI,BE,42,42.25,41,42.25,42.25,40.25,787,32629.8,17-JUL-2009,
WSTCSTPAPR,EQ,47.5,49,47.5,48.25,49,47.45,10436,507641.55,17-JUL-2009,
WWIL,EQ,17.5,17.8,17.1,17.5,17.35,16.95,3958079,69042084.55,17-JUL-2009,
WYETH,EQ,618,629.9,618,622.3,622.1,617.4,9904,6163443.85,17-JUL-2009,
XLTL,EQ,51.05,51.75,50,50.55,50.55,50.25,94750,4836698.75,17-JUL-2009,
XPROINDIA,EQ,17.1,18.65,17.1,18.4,18.4,17.6,8662,159869.65,17-JUL-2009,
YESBANK,EQ,140,145.4,139.5,144.45,144.5,138.55,1293160,185573445.95,17-JUL-2009,
ZANDUPHARM,EQ,6477,6488.9,6344,6433.1,6474,6376.55,253,1627631.65,17-JUL-2009,
ZEEL,EQ,182.7,197.8,177.2,193.4,197.1,180.2,3743076,703623104.5,17-JUL-2009,
ZEENEWS,EQ,39.25,40.95,39.2,40.65,40.5,39.1,336820,13584871.25,17-JUL-2009,
ZENITHBIR,EQ,17.3,17.75,16.9,17.5,17.5,16.85,11255,195199.65,17-JUL-2009,
ZENITHCOMP,BE,20.55,21,20.2,20.85,20.95,20.7,4604,95427.3,17-JUL-2009,
ZENITHINFO,BE,299,327,299,320.25,327,312.75,263,83016.75,17-JUL-2009,
ZENSARTECH,EQ,132.5,138.5,128,133.95,135,129.4,29641,3987676.95,17-JUL-2009,
ZICOM,EQ,77.2,78.95,74,78.45,77.45,75.2,184785,13999590.7,17-JUL-2009,
ZODIACLOTH,EQ,271.2,292,271.2,283,283,281.5,198,56939.4,17-JUL-2009,
ZODJRDMKJ,EQ,14,15,13.95,14.3,14,14.55,210,2945.95,17-JUL-2009,
ZUARIAGRO,EQ,290.9,291.5,285,285.6,285,286,7265,2090203.2,17-JUL-2009,
ZYLOG,EQ,225,233.05,219,230.1,230.35,222.95,85656,19459986.2,17-JUL-2009,
