SYMBOL,SERIES,OPEN,HIGH,LOW,CLOSE,LAST,PREVCLOSE,TOTTRDQTY,TOTTRDVAL,TIMESTAMP,
20MICRONS,EQ,37.55,41,37.55,39.4,39.7,39.6,9399,373073.05,24-FEB-2010,
3IINFOTECH,EQ,73,73.45,72,73.05,73,73.35,599233,43648999.15,24-FEB-2010,
3MINDIA,EQ,1980,1998,1980,1998,1998,1980,18,35820,24-FEB-2010,
AARTIDRUGS,EQ,91.75,92.5,90.2,90.55,90.8,91.7,9408,859626.4,24-FEB-2010,
AARTIIND,EQ,45.25,45.25,44.05,44.4,44.6,44.3,33779,1503286.7,24-FEB-2010,
AARVEEDEN,EQ,55.1,57.4,54.2,57,57,57.4,12250,685217.5,24-FEB-2010,
ABAN,EQ,1165,1179.9,1151.15,1167.45,1166.95,1171,936094,1089937744.9,24-FEB-2010,
ABB,EQ,808,818,802,811.05,809,807.3,183173,149016698.2,24-FEB-2010,
ABBOTINDIA,EQ,920,940,910,923.4,926.45,914.15,8727,8087384.8,24-FEB-2010,
ABCIL,EQ,71,71.2,70.05,70.55,70.75,71.2,7484,529064.15,24-FEB-2010,
ABGSHIP,EQ,243,248,236.55,241.3,240.75,246.7,496779,120976006.85,24-FEB-2010,
ABHISHEK,EQ,15.75,15.9,15.4,15.5,15.5,16.1,13204,206140.35,24-FEB-2010,
ABIRLANUVO,EQ,791,819.9,789.2,804,804.25,807.85,196241,158403906.4,24-FEB-2010,
ABSHEKINDS,EQ,14,14.4,13.9,13.95,13.95,14.3,175892,2480599.4,24-FEB-2010,
ACC,EQ,890,913.9,890,905.15,904.9,904.95,323657,292503531.05,24-FEB-2010,
ACE,EQ,37.6,38.45,36.1,37.35,37.3,37.95,103505,3904067.7,24-FEB-2010,
ACKRUTI,EQ,484,487.45,479.1,483.7,484.5,486.25,124834,60426374.9,24-FEB-2010,
ADANIENT,EQ,488,492.05,485,490.8,490.75,491.25,137367,67449134.3,24-FEB-2010,
ADANIPOWER,EQ,105.95,106,104.6,105.15,105.15,105.95,182331,19204212.7,24-FEB-2010,
ADHUNIK,EQ,98,101.95,98,101.2,101.05,100.6,387125,38883038,24-FEB-2010,
ADORWELD,EQ,176,183.5,175.5,177.6,178.2,183.35,150860,27130648.75,24-FEB-2010,
ADSL,EQ,220,224.25,211.75,213.1,213,220.1,37751,8208779.9,24-FEB-2010,
ADVANIHOTR,EQ,47,50.75,46.7,47.75,47.75,48.1,14670,707611.1,24-FEB-2010,
ADVANTA,EQ,495,495,484,488.7,487.25,494.35,5200,2542654.15,24-FEB-2010,
AEGISCHEM,EQ,190,191.95,183.05,184.95,183.65,189.35,6375,1195181.75,24-FEB-2010,
AFL,EQ,46.15,48.85,46.05,46.55,46.05,47,3859,183001.5,24-FEB-2010,
AFTEK,EQ,16.25,16.45,16,16.1,16.1,16.4,180661,2924709.7,24-FEB-2010,
AGRODUTCH,EQ,15.55,15.8,15.5,15.55,15.55,15.6,18365,286601.15,24-FEB-2010,
AHLUCONT,EQ,188.95,189,185.1,186.3,185.75,188,68141,12723843.1,24-FEB-2010,
AHMEDFORGE,EQ,112.95,113,110.4,111.3,113,113.65,24608,2740153.4,24-FEB-2010,
AIAENG,EQ,321,338,318,334.45,336,324.35,72402,23915864.85,24-FEB-2010,
AICHAMP,BE,32.65,32.65,30.3,30.3,30.3,31.85,212,6658.8,24-FEB-2010,
AJANTPHARM,EQ,152.75,156.5,146,148.6,146.45,152.25,25598,3876884.9,24-FEB-2010,
AJMERA,EQ,160,165,159.05,160.4,160.05,163.15,23311,3767071.65,24-FEB-2010,
AKSHOPTFBR,EQ,16.3,17.6,16.3,17.25,17,17.3,41051,705376.4,24-FEB-2010,
ALBK,EQ,130.4,130.85,127.3,128.05,128.2,130.6,1275950,164765261.65,24-FEB-2010,
ALCHEM,EQ,161.25,161.25,159.9,160.1,160,160.05,99369,15920707.2,24-FEB-2010,
ALEMBICLTD,EQ,46,46.05,45.5,45.85,45.75,45.8,53386,2442922,24-FEB-2010,
ALFALAVAL,EQ,1254.9,1265,1235,1255.8,1255,1235.95,852,1066716.95,24-FEB-2010,
ALKALI,EQ,101,101,98.2,98.95,98.8,101.6,50505,5034897.25,24-FEB-2010,
ALKYLAMINE,EQ,73.55,73.6,68.1,70.25,69.05,71.65,640,44933.5,24-FEB-2010,
ALLCARGO,EQ,178,185,178,181.45,179.05,185.1,23264,4218050.15,24-FEB-2010,
ALLSEC,EQ,35.7,37.2,35.25,35.85,35.25,36.85,2048,74614.55,24-FEB-2010,
ALMONDZ,EQ,52.1,57,51,55.75,56,53.95,21966,1184501.55,24-FEB-2010,
ALOKTEXT,EQ,23.6,23.9,23.1,23.75,23.7,23.4,2416617,57279922,24-FEB-2010,
ALPA,EQ,12.5,12.95,12.35,12.55,12.55,12.8,6362,79811.85,24-FEB-2010,
ALPHAGEO,EQ,193,196,190.1,192.6,191.2,195.65,3758,724442.05,24-FEB-2010,
ALPSINDUS,EQ,12,12,11.4,11.55,11.5,11.85,98343,1142229.8,24-FEB-2010,
AMAR,EQ,54.55,55.7,53.3,55.4,55,55.65,101824,5563741.9,24-FEB-2010,
AMARAJABAT,EQ,152.95,152.95,148.55,150.15,150,152.65,24098,3616746.55,24-FEB-2010,
AMARJOTHI,EQ,37.75,41,37.75,40.05,39.85,39.8,3045,120010.1,24-FEB-2010,
AMBIKCO,EQ,141,142,135.2,138,138,142.7,17441,2430031.8,24-FEB-2010,
AMBUJACEM,EQ,101.8,107,101.8,104.75,104.7,103.7,1149230,119980109.2,24-FEB-2010,
AMDIND,EQ,24.1,24.3,23.45,23.6,23.65,24.15,31810,754774.1,24-FEB-2010,
AMLSTEEL,BE,76.3,76.3,69.05,69.05,69.05,72.65,38377,2792291.75,24-FEB-2010,
AMRUTANJAN,EQ,559,566.9,553,560.15,562.95,562.2,7403,4152482.3,24-FEB-2010,
AMTEKAUTO,EQ,168.5,174.3,168.5,172.95,172.5,171.45,147091,25368652.35,24-FEB-2010,
AMTEKINDIA,EQ,63.9,64.3,61.5,62.55,62.5,64.85,287666,18079491.1,24-FEB-2010,
ANANTRAJ,EQ,125,126.8,123.2,124.5,123.8,125.3,95137,11871043.3,24-FEB-2010,
ANDHRABANK,EQ,100.1,100.5,98.8,99.05,98.95,100.1,295467,29375046,24-FEB-2010,
ANDHRSUGAR,EQ,117,119.75,116.55,118.5,118.85,118.3,30946,3638624.3,24-FEB-2010,
ANGAUTO,EQ,38.65,40.95,38.65,40.1,40.5,40.3,7653,305909.55,24-FEB-2010,
ANIKINDS,EQ,60.15,60.15,59.35,59.35,59.35,60.15,948,56585.55,24-FEB-2010,
ANKURDRUGS,EQ,193,198.7,192.4,194.5,194.2,195.7,17685,3455316.4,24-FEB-2010,
ANSALHSG,EQ,54.75,55.25,53.65,54,53.65,54.5,36416,1984712.95,24-FEB-2010,
ANSALINFRA,EQ,66.2,69.7,66.2,68.5,68.25,67.75,1270325,87055866,24-FEB-2010,
ANTGRAPHIC,EQ,0.45,0.5,0.45,0.5,0.45,0.45,30551,14801.95,24-FEB-2010,
APARINDS,EQ,161.25,168,161.25,164.1,163.35,165.8,2372,393889,24-FEB-2010,
APCOTEXIND,EQ,104,109,104,106.25,105.5,108.35,597,63341.85,24-FEB-2010,
APIL,EQ,531.9,531.9,521.3,526.35,527.25,529.5,57464,30120900.65,24-FEB-2010,
APOLLOHOSP,EQ,676,682,666.45,672.45,671,686.15,23887,16124686.15,24-FEB-2010,
APOLLOTYRE,EQ,55.5,55.6,54.5,54.95,55.1,56,1900366,104483650.65,24-FEB-2010,
APPAPER,EQ,87,92.9,85,88.05,86.3,91.4,89249,7997649.4,24-FEB-2010,
APTECHT,EQ,165,168.4,162.7,164.95,164.95,166.3,425105,70207149.1,24-FEB-2010,
AQUA,EQ,242.4,256.15,232.2,235.45,234,244.6,9253279,2256282261.75,24-FEB-2010,
ARCHIDPLY,EQ,31.5,32.05,31.05,31.35,32,32.15,2491,79127.55,24-FEB-2010,
ARCHIES,EQ,87.85,87.85,76,80,79.8,81.3,13232,1066654.25,24-FEB-2010,
AREVAT&D,EQ,260,264.4,255,260.55,260.5,263.6,139952,36598230.15,24-FEB-2010,
ARIES,EQ,83,88.2,82.5,88.2,88.2,84,38451,3323236.8,24-FEB-2010,
ARIHANT,EQ,133.8,133.8,129.05,132,132,128.1,377,49431.65,24-FEB-2010,
ARL,EQ,1.85,1.9,1.8,1.85,1.9,1.85,356925,660897.05,24-FEB-2010,
AROGRANITE,EQ,42.35,42.35,42.35,42.35,42.35,43.3,212,8978.2,24-FEB-2010,
ARROWTEX,EQ,8.3,8.75,8.3,8.75,8.75,8.45,882,7709.1,24-FEB-2010,
ARSHIYA,EQ,184,184,175.15,177.15,176.5,180.35,7909,1416633.4,24-FEB-2010,
ARVIND,EQ,34.05,34.55,34.05,34.2,34.25,34.25,492857,16901781.95,24-FEB-2010,
ASAHIINDIA,EQ,60.75,62,60.05,60.95,60.8,61.1,26491,1623167.2,24-FEB-2010,
ASAL,EQ,66.7,69,66.7,68,69,69.05,450,30542.5,24-FEB-2010,
ASHAPURMIN,EQ,63.9,66.85,63.75,64,64.1,67.1,72175,4658422.05,24-FEB-2010,
ASHCO,EQ,1.15,1.2,1.1,1.1,1.1,1.15,247835,277035.7,24-FEB-2010,
ASHIMASYN,EQ,4.95,5,4.85,4.85,4.85,5.1,12226,60517.7,24-FEB-2010,
ASHOKLEY,EQ,46.75,46.9,45.75,46.45,46.35,47,2274350,105516355.55,24-FEB-2010,
ASIANELEC,EQ,29,29.3,28.05,28.45,28.35,29.1,203363,5838521.95,24-FEB-2010,
ASIANPAINT,EQ,1825,1825,1742.5,1761.45,1758,1785.2,72266,127653723.5,24-FEB-2010,
ASIANTILES,EQ,59,59,54.45,56.1,56.1,56.5,3622,204494.45,24-FEB-2010,
ASSAMCO,EQ,21.1,21.4,20.9,21.1,21.1,21.4,561064,11854064.3,24-FEB-2010,
ASTEC,EQ,48.35,49.5,47.4,47.75,47.5,49.25,405908,19555322.75,24-FEB-2010,
ASTRAL,EQ,171,174.95,171,172.2,172,174.95,9224,1593174.6,24-FEB-2010,
ASTRAMICRO,EQ,72.2,74.25,71.8,72.5,72.6,73.3,186831,13627048.75,24-FEB-2010,
ASTRAZEN,EQ,881,900,865,872.9,876,881.45,592,522396,24-FEB-2010,
ATFL,EQ,245,261.5,245,259.95,259.85,259.75,5756,1491825.1,24-FEB-2010,
ATLANTA,EQ,176.75,180.4,175.1,178.2,178,176.95,211045,37595615.55,24-FEB-2010,
ATLASCYCLE,EQ,203,214.7,202.25,207.75,208.5,208.55,36676,7729364.2,24-FEB-2010,
ATNINTER,EQ,1.4,1.45,1.4,1.4,1.4,1.45,10278,14414.25,24-FEB-2010,
ATUL,EQ,93.8,94.35,88.4,92.15,91.6,94.05,3055856,279147921.8,24-FEB-2010,
AURIONPRO,EQ,280,280.1,280,280.05,280,280,10232,2864970,24-FEB-2010,
AUROPHARMA,EQ,929.3,934.7,920,929.7,929.55,928.05,152222,141373935.9,24-FEB-2010,
AUSOMENT,EQ,17.2,18.75,17.2,18.05,18.05,17.95,840,15183,24-FEB-2010,
AUSTRAL,EQ,6.6,6.9,6.4,6.65,6.65,6.65,5675923,37844602.9,24-FEB-2010,
AUTOAXLES,EQ,352,352,320.2,344,344.2,343.3,383,130682.9,24-FEB-2010,
AUTOIND,EQ,103.1,108.85,103.1,105.2,104.55,105.25,3958,418142.75,24-FEB-2010,
AUTOLITIND,EQ,30,33,30,31.9,31.85,31.5,2140,65849.3,24-FEB-2010,
AVANTI,BE,24,24,23.95,24,24,25.2,465,11155,24-FEB-2010,
AVAYAGCL,EQ,216.6,222,214.25,215.15,215,220.1,15045,3267244.45,24-FEB-2010,
AVENTIS,EQ,1652.65,1662,1640,1648.35,1645,1655.3,3753,6190782.05,24-FEB-2010,
AVTNPL,EQ,89.55,92.6,88.3,91.05,91.55,88.8,208,18691.6,24-FEB-2010,
AXIS-IT&T,EQ,65,65.8,61.95,62.9,63.85,63.55,3098,195769.4,24-FEB-2010,
AXISBANK,EQ,1095,1110.95,1065.05,1093.8,1096,1098.15,1720318,1874874724.5,24-FEB-2010,
BAGFILMS,EQ,18,18.4,17.6,17.7,17.65,18.2,170130,3056031.5,24-FEB-2010,
BAJAJ-AUTO,EQ,1722,1758.8,1705,1747.45,1749.8,1721.8,182593,317836434.3,24-FEB-2010,
BAJAJELEC,EQ,180,192,180,184.05,184.1,180.8,98203,18240498,24-FEB-2010,
BAJAJFINSV,EQ,332,333,328,330.3,330,331.5,14242,4708488.45,24-FEB-2010,
BAJAJHIND,EQ,150.1,156.3,148.65,154.8,155,151.85,3294964,504359288.3,24-FEB-2010,
BAJAJHLDNG,EQ,585,603.95,585,600.2,600,589.85,257466,153036592.85,24-FEB-2010,
BAJAUTOFIN,EQ,296.6,297,290.1,291.9,290.1,297.65,5085,1492634.75,24-FEB-2010,
BALAJITELE,EQ,50.2,50.75,49.55,49.7,49.7,50.4,115830,5791189.3,24-FEB-2010,
BALAMINES,EQ,141.2,143,140.1,140.5,140.1,142.85,204,28823.45,24-FEB-2010,
BALKRISIND,EQ,560,601.85,560,590.05,582.5,582,2173,1265773,24-FEB-2010,
BALLARPUR,EQ,26.75,26.95,25.95,26.05,26.1,26.65,201241,5284984.15,24-FEB-2010,
BALMLAWRIE,EQ,575,584.7,575,579.45,584,578.8,7932,4590739.2,24-FEB-2010,
BALPHARMA,EQ,25,25.2,24.3,24.9,24.5,24.8,2617,64577.6,24-FEB-2010,
BALRAMCHIN,EQ,101.55,107,100.1,106.3,106.5,102.9,4565010,474986112.4,24-FEB-2010,
BANARISUG,EQ,1152,1152,1079,1116.6,1116.8,1097,429,481245.05,24-FEB-2010,
BANCOINDIA,EQ,77.8,81.7,75,80.15,79.9,80.45,217246,17081367.8,24-FEB-2010,
BANG,EQ,48.85,48.85,45.15,46.35,46.5,47.75,9103,423006.15,24-FEB-2010,
BANKBARODA,EQ,571,577.65,562.1,565.85,568,573.75,1075531,611202277.1,24-FEB-2010,
BANKBEES,EQ,856.99,856.99,840,854,854,849,706,602954.35,24-FEB-2010,
BANKINDIA,EQ,316.2,328.4,315,323.15,323.2,323.3,307594,99894118.95,24-FEB-2010,
BANKRAJAS,EQ,58.55,60.45,58.05,59.2,59.2,58.85,261269,15470361.7,24-FEB-2010,
BANSWRAS,EQ,91.5,94.95,91,91.1,91,91.6,7540,693596.85,24-FEB-2010,
BARTRONICS,EQ,151.5,154.5,150.3,151.7,151.9,152.65,210085,32077128.45,24-FEB-2010,
BASF,EQ,365.55,373,365.55,368.25,368.4,368.55,7598,2810866.65,24-FEB-2010,
BASML,EQ,92.95,99,92,95.45,95,97,857,81941.8,24-FEB-2010,
BATAINDIA,EQ,182.4,190.9,182.4,185.65,184.55,185.9,178212,33388619,24-FEB-2010,
BATLIBOI,EQ,28.1,30.3,28.1,29.3,29.75,29.25,1613,47107.8,24-FEB-2010,
BAYERCROP,EQ,589.95,591.95,583.35,585.7,585,586.25,4498,2644029.5,24-FEB-2010,
BBL,EQ,900,911,891.2,899.5,895,903.45,3990,3608201.9,24-FEB-2010,
BBTC,EQ,330,330,330,330,330,335,5,1650,24-FEB-2010,
BEARDSELL,BE,56,58.45,53.25,58.45,58.45,55.65,609,35471.3,24-FEB-2010,
BEL,EQ,2068.7,2068.7,2002,2019.3,2019,2030.2,115189,232438451.1,24-FEB-2010,
BELCERAMIC,EQ,7.9,8,7.75,7.8,7.8,8.1,11281,88158.1,24-FEB-2010,
BEML,EQ,1065,1076.8,1037.2,1046.45,1041.3,1065,333595,352442718.8,24-FEB-2010,
BERGEPAINT,EQ,54.95,55.8,54.2,54.45,54.4,55.1,91270,5000413.25,24-FEB-2010,
BFUTILITIE,EQ,979,985,950.1,958.8,955,983.25,13215,12804680.35,24-FEB-2010,
BGRENERGY,EQ,476,476.95,462.05,467.55,466.5,476.15,98887,46267851.6,24-FEB-2010,
BHAGWATIHO,EQ,74.8,77.4,72.55,75.85,75.7,74.95,30247,2285937.6,24-FEB-2010,
BHAGYNAGAR,EQ,26.1,26.8,26.1,26.5,26.6,26.45,38739,1025877.05,24-FEB-2010,
BHARATFORG,EQ,235.9,240.7,232,238.1,238.35,237.4,495700,117929050.25,24-FEB-2010,
BHARATGEAR,EQ,47.35,50,47.35,48.75,48,49,1490,72471.5,24-FEB-2010,
BHARATRAS,EQ,77.4,77.4,74.1,74.1,74.1,75,500,37875,24-FEB-2010,
BHARTIARTL,EQ,280,280,275,275.95,276.2,280.1,5201687,1443742924.1,24-FEB-2010,
BHARTISHIP,EQ,264.55,267.2,260.55,261.4,261.2,266.3,439557,115887905.4,24-FEB-2010,
BHEL,EQ,2382,2382,2342.2,2354.95,2353,2379.2,726503,1711168104.45,24-FEB-2010,
BHUSANSTL,EQ,1600,1612.7,1583.1,1601.1,1600.8,1615.3,198440,317004647.15,24-FEB-2010,
BIL,EQ,79.5,79.5,76.3,76.75,76.9,78.9,16256,1257799.95,24-FEB-2010,
BILPOWER,EQ,183.8,189,180.5,183.2,183.45,183.8,69607,12932240.25,24-FEB-2010,
BIMETAL,EQ,240,244.25,237,237,237,233.6,32,7717.75,24-FEB-2010,
BINANICEM,EQ,69.8,72,69.3,70.3,70.2,70.65,68677,4830320.3,24-FEB-2010,
BINANIIND,EQ,91.5,92,90,90.4,90.25,92.1,6269,569000.55,24-FEB-2010,
BINDALAGRO,EQ,17.8,18.35,17.7,17.95,18,18.1,438278,7911890.95,24-FEB-2010,
BIOCON,EQ,264,264,260.1,263,263,263.65,299685,78590373.3,24-FEB-2010,
BIRLACORPN,EQ,359.05,363,356.25,360.2,356.45,366.65,48404,17428458.45,24-FEB-2010,
BIRLACOT,BE,1,1.1,1,1.05,1.05,1.05,1624547,1697679.8,24-FEB-2010,
BIRLAERIC,EQ,16.5,16.95,16,16.75,16.95,16.5,17295,285188.05,24-FEB-2010,
BIRLAMONEY,EQ,50.1,52.65,50.1,51.15,50.75,52.2,8319,428161.7,24-FEB-2010,
BIRLAPOWER,EQ,3.2,3.4,3.15,3.4,3.4,3.2,1725701,5803332.1,24-FEB-2010,
BLBLIMITED,EQ,14.55,14.95,14.45,14.95,14.95,14.75,2150,31657.5,24-FEB-2010,
BLKASHYAP,EQ,324,332,323.95,328.25,332,328.5,9328,3065312.4,24-FEB-2010,
BLUEBIRD,EQ,25,25,23.1,23.5,23.6,25,72241,1727640.3,24-FEB-2010,
BLUECHIP,EQ,1.25,1.3,1.25,1.3,1.3,1.3,24653,31127.5,24-FEB-2010,
BLUECOAST,BE,146.5,146.5,146.5,146.5,146.5,139.6,1,146.5,24-FEB-2010,
BLUEDART,EQ,665,665,653.1,655.8,655.1,655.9,1065,703593.2,24-FEB-2010,
BLUESTARCO,EQ,360,360,352,354.3,355.65,354.95,8212,2912212.6,24-FEB-2010,
BLUESTINFO,EQ,109.95,111.8,109.95,110,110.05,110,5179,570487.1,24-FEB-2010,
BOC,EQ,198,206,198,200.05,200.9,198.55,37369,7538225.2,24-FEB-2010,
BOMDYEING,EQ,506.7,531.9,506.7,514.3,514.05,528.55,406899,212066862.55,24-FEB-2010,
BOSCHLTD,EQ,4611,4645,4600.25,4605.55,4604,4651,1469,6785852.4,24-FEB-2010,
BPCL,EQ,575,587,575,581.95,581.2,579.25,326846,190411151.15,24-FEB-2010,
BPL,EQ,33.05,33.05,31.6,32.65,32.8,32.4,17339,564693.7,24-FEB-2010,
BRANDHOUSE,EQ,32.5,32.5,31,31.3,31,32.35,309447,9804231.3,24-FEB-2010,
BRFL,EQ,203,204.5,200.5,202.5,203.6,203.9,71311,14425270.5,24-FEB-2010,
BRIGADE,EQ,138,138.4,135,135.65,135.05,138.15,95807,13092274.75,24-FEB-2010,
BRITANNIA,EQ,1620.05,1647.9,1602,1640,1632.4,1629,12516,20415001.65,24-FEB-2010,
BROADCAST,EQ,18.5,19.1,18.05,18.5,18.5,18.8,5243,98289.65,24-FEB-2010,
BSELINFRA,EQ,15.4,15.4,14.7,15.1,15.1,15.4,165594,2507389.45,24-FEB-2010,
BSL,EQ,29,29,29,29,29,29,10,290,24-FEB-2010,
BURNPUR,EQ,13.65,13.85,13,13.2,13.15,13.65,120345,1612777.25,24-FEB-2010,
BVCL,EQ,25.25,25.7,25.15,25.5,25.5,25.35,3724,94358.1,24-FEB-2010,
CADILAHC,EQ,736.5,748,736.5,741.35,740,737.65,88776,65897023.95,24-FEB-2010,
CAIRN,EQ,260.05,262.9,258.2,260.45,260,261.6,1116115,290463830.75,24-FEB-2010,
CALSOFT,EQ,43.5,43.5,40.85,41.85,40.9,43,1415,59028.05,24-FEB-2010,
CAMBRIDGE,EQ,85.65,86.65,83.5,83.8,84,86,56645,4807327.85,24-FEB-2010,
CAMLIN,EQ,23.75,24,23.25,23.55,24,24,63346,1499556.35,24-FEB-2010,
CANBK,EQ,378.05,384.45,375.35,381.6,381.05,379.25,435611,165287984.65,24-FEB-2010,
CANDC,EQ,226,232.4,225.05,226.45,225.95,228.45,11661,2671827,24-FEB-2010,
CANFINHOME,EQ,80.8,81,79.8,79.8,79.8,80.5,1418,114048.3,24-FEB-2010,
CARBORUNIV,EQ,177,183,177,180.35,180,180,7992,1443392.1,24-FEB-2010,
CAROLINFO,EQ,55.25,56.5,55,55.05,55.05,56,3770,209985.4,24-FEB-2010,
CASTROL,EQ,652.5,658,641.1,648.4,650,657.95,74424,48555424.8,24-FEB-2010,
CCCL,EQ,77,85.25,75.4,77.15,76.5,77.9,619655,50446782.5,24-FEB-2010,
CCL,EQ,225,229,225,226.95,227,226.7,11474,2597598,24-FEB-2010,
CEATLTD,EQ,128.9,132.6,128.9,131.1,131.1,132.6,37156,4860899.8,24-FEB-2010,
CELEBRITY,EQ,18.1,19.4,18,19.05,19.4,18.45,3903,73261.5,24-FEB-2010,
CELESTIAL,EQ,31,33,30.15,32.85,32.5,31.05,31928,1019362.6,24-FEB-2010,
CENTENKA,EQ,255,258.9,251.05,254.8,255,256.5,28156,7171982.85,24-FEB-2010,
CENTEXT,EQ,5.45,5.7,5.4,5.4,5.4,5.75,2197,12137.15,24-FEB-2010,
CENTRALBK,EQ,155.65,156.95,148.85,149.65,149,157.05,364475,55399513.6,24-FEB-2010,
CENTUM,EQ,88.1,91.9,88.1,89.05,89.1,92.6,1619,145749.35,24-FEB-2010,
CENTURYPLY,EQ,44.7,45.8,44.7,44.75,44.75,45.4,21719,979700.95,24-FEB-2010,
CENTURYTEX,EQ,464.1,476.65,464.1,472.4,471.45,467.15,511449,240908897.85,24-FEB-2010,
CERA,EQ,240,243,238,239.15,239.95,242.7,1264,304031.15,24-FEB-2010,
CESC,EQ,370.25,375.75,370.25,374.3,373.5,374.55,55471,20740364.2,24-FEB-2010,
CHAMBLFERT,EQ,61.8,63,60.4,61.95,62.15,62.05,6625824,409395297.75,24-FEB-2010,
CHEMFALKAL,BE,46,48.8,45.2,48,48,47.45,611,29087.75,24-FEB-2010,
CHEMPLAST,EQ,8.2,8.45,8.1,8.2,8.3,8.45,81186,668338.1,24-FEB-2010,
CHENNPETRO,EQ,242.95,245,240.5,242.45,242.05,242.85,66264,16100198.4,24-FEB-2010,
CHESLINTEX,EQ,9,9,8.75,8.75,8.75,9.2,556,4990,24-FEB-2010,
CHETTINAD,EQ,575,580,571,575.95,580,575.8,302,173678.75,24-FEB-2010,
CHOLADBS,EQ,66.55,68.85,66,67.6,67.5,68.3,14819,999373,24-FEB-2010,
CINEMAX,EQ,72,72,67.8,68.2,67.8,70,3643,250655,24-FEB-2010,
CINEVISTA,EQ,5.25,5.35,5.15,5.35,5.15,5.4,13096,68144.4,24-FEB-2010,
CIPLA,EQ,309,309.5,302.05,303.15,303.75,309.9,1128945,344405923.75,24-FEB-2010,
CLASSIC,EQ,19.5,20.9,19.5,20.3,20.35,20.3,44647,907369.2,24-FEB-2010,
CLNINDIA,EQ,455,471,455,457.8,462.5,460.65,10223,4722193.65,24-FEB-2010,
CLUTCHAUTO,EQ,60.7,60.85,58.6,58.9,59,60.65,52916,3150142.95,24-FEB-2010,
CMC,EQ,1150,1169,1131.4,1160.25,1160,1164.65,1602,1859384.95,24-FEB-2010,
COLPAL,EQ,705,705,690,693.85,690.05,705.25,28614,19948403.1,24-FEB-2010,
COMPUTECH,EQ,3.9,3.9,3.65,3.75,3.85,3.75,5472,20816.8,24-FEB-2010,
COMSYS,EQ,20.6,22.25,20.6,22.25,22.25,21.15,4840,107334.35,24-FEB-2010,
CONCOR,EQ,1200,1219.15,1180.7,1199.3,1199.95,1183.8,85881,102839103.8,24-FEB-2010,
CONSOFINVT,BE,60,63.95,60,60.75,61,61.65,8544,521696.25,24-FEB-2010,
CORDSCABLE,EQ,41.1,42.8,40.6,41.15,41,41.45,14643,602661.15,24-FEB-2010,
COREPROTEC,EQ,202.65,214.45,199.05,210.75,209.4,204.15,361474,75590295.4,24-FEB-2010,
COROMANDEL,EQ,277,281.8,272.05,277.95,278.55,277.9,166089,46154655.55,24-FEB-2010,
CORPBANK,EQ,428,432.95,418.5,422.15,419,430.75,18236,7749106.45,24-FEB-2010,
COSMOFILMS,EQ,113.1,113.5,111.55,111.8,111.6,113.65,16594,1860090.35,24-FEB-2010,
COX&KINGS,EQ,430,433,424.4,427.15,425.6,435.35,23331,10002145.5,24-FEB-2010,
CRANESSOFT,EQ,18.35,18.8,18.15,18.45,18.5,18.35,993943,18429046.35,24-FEB-2010,
CREATIVEYE,EQ,7.15,8.15,7.15,7.95,7.8,7.4,15002,117936.05,24-FEB-2010,
CRESTANI,EQ,68,70.8,68,68.5,68.5,68.2,3907,267658.9,24-FEB-2010,
CREWBOS,EQ,72,72,65.95,66.15,66,66.5,14995,997604.75,24-FEB-2010,
CRISIL,EQ,4900,4950,4875,4911.2,4903,4900.8,371,1826198.65,24-FEB-2010,
CROMPGREAV,EQ,394,401.4,394,399.45,401.4,396.3,453461,180340307.65,24-FEB-2010,
CTE,EQ,22.75,23.35,22.6,22.7,22.7,23.05,3229,74324.05,24-FEB-2010,
CUB,EQ,28.7,28.85,28.3,28.4,28.4,28.95,1309112,37535001.25,24-FEB-2010,
CUBEXTUB,EQ,17.15,17.15,16.9,16.9,16.9,17.65,40,681,24-FEB-2010,
CUMMINSIND,EQ,444.45,452.95,437.1,451.5,452,445.4,229991,102988744.95,24-FEB-2010,
CYBERMEDIA,EQ,34.4,34.5,32.7,33.75,34,33.2,1000,33540,24-FEB-2010,
CYBERTECH,EQ,19,19,17.6,18.1,18.1,18.9,57906,1042752.8,24-FEB-2010,
DAAWAT,EQ,56.1,63.6,55.3,60.55,60.2,56.6,745500,45475076.2,24-FEB-2010,
DABUR,EQ,165,167.65,164.25,166.4,167.4,165.15,282514,46981260.25,24-FEB-2010,
DALMIACEM,EQ,215.5,215.5,209.7,211.45,211.5,216.8,69102,14595963.45,24-FEB-2010,
DATAMATICS,EQ,33.6,34.25,33.3,33.6,33.4,34.05,12781,431715.55,24-FEB-2010,
DBCORP,EQ,228,237,227.65,231.65,231.8,229.25,83046,19254021.9,24-FEB-2010,
DBREALTY,EQ,452.1,467,412.45,456.2,455.05,468,25101889,11041722290.35,24-FEB-2010,
DCB,EQ,33.05,34.1,33.05,33.4,33.4,33.55,905997,30346511.55,24-FEB-2010,
DCHL,EQ,146.25,148.9,146.05,147.8,148,147.55,130244,19186106.75,24-FEB-2010,
DCM,EQ,44,44,42,42.55,42.35,43.45,62990,2702511.7,24-FEB-2010,
DCMFINSERV,EQ,3.65,3.7,3.65,3.65,3.65,3.7,2453,9003.45,24-FEB-2010,
DCMSRMCONS,EQ,54.5,54.5,52,52.8,53,53.2,29101,1530279.95,24-FEB-2010,
DCW,EQ,20.15,20.4,19.25,19.65,19.7,20.15,474123,9365932.85,24-FEB-2010,
DECCANCE,EQ,182.25,187.95,181.2,183.45,183.4,187,2981,548243.15,24-FEB-2010,
DECOLIGHT,BE,9,9.7,9,9.1,9.05,9.45,26211,242695.6,24-FEB-2010,
DEEPAKFERT,EQ,99.8,102.85,99,100.85,100.75,100.6,201794,20327737.9,24-FEB-2010,
DELTACORP,EQ,36.65,37.5,36.1,36.55,36.75,37.25,57276,2106046.55,24-FEB-2010,
DEN,EQ,171,181,170.5,173.95,173.25,172.85,32693,5769466.8,24-FEB-2010,
DENABANK,EQ,77.05,77.95,76.15,77.1,77,77.5,1274808,98414651.85,24-FEB-2010,
DENORA,EQ,59,60.55,58.15,60.55,60.55,59,2075,123125,24-FEB-2010,
DEWANHOUS,EQ,184.15,185.95,183.25,184.25,185,184.15,7085,1304000.95,24-FEB-2010,
DHAMPURSUG,EQ,100.35,103.7,98.25,102.05,102.05,104.05,1147297,115559291.45,24-FEB-2010,
DHANBANK,EQ,127.35,129.5,124,126.35,125.5,127.3,144098,18203353.6,24-FEB-2010,
DHANUS,EQ,21.8,22.2,21.1,21.6,21.65,21.95,85691,1861743.55,24-FEB-2010,
DHARSUGAR,EQ,63.05,65.75,60.75,65.05,65,63.95,34433,2166306.15,24-FEB-2010,
DICIND,EQ,198,198.8,198,198.35,198,198.1,7673,1519791.5,24-FEB-2010,
DIGJAM,EQ,10.8,11.7,10.8,11,11.1,11.3,26204,293385.65,24-FEB-2010,
DISHMAN,EQ,204,205.2,194.5,201,200.55,203.35,270365,53711408.4,24-FEB-2010,
DISHTV,EQ,37.15,38.6,36.85,37.2,37.15,37.85,3394137,127667169.55,24-FEB-2010,
DIVISLAB,EQ,577.15,613.7,577.15,609.5,610,581.45,529433,317373211.4,24-FEB-2010,
DLF,EQ,285.1,291.2,283,288.85,288.95,290.25,7156692,2058125534.5,24-FEB-2010,
DLINKINDIA,EQ,25.65,26.2,25.35,25.4,25.5,25.85,17090,438994.2,24-FEB-2010,
DOLPHINOFF,EQ,353.3,369,353.3,360.2,361.8,361.35,7962,2867215.1,24-FEB-2010,
DONEAR,EQ,30.8,31.5,29.8,29.9,29.9,31.35,8559,258041.6,24-FEB-2010,
DPSCLTD,EQ,655.25,666.05,655.25,665.85,665,675,15,9934.65,24-FEB-2010,
DREDGECORP,EQ,608.65,615,594,597.1,594.25,605.2,87619,52893523.1,24-FEB-2010,
DRREDDY,EQ,1142,1147.7,1125,1140.8,1140.5,1143.45,139908,159497930.6,24-FEB-2010,
DSKULKARNI,EQ,62.45,65,61.5,63.2,62.6,63.2,40907,2564118.55,24-FEB-2010,
DTIL,EQ,155,160,155,156.05,156.05,157.05,249,39083.15,24-FEB-2010,
DUNCANSIND,EQ,11.45,11.45,10.95,11,11.2,11.3,18517,204234.9,24-FEB-2010,
DWARKESH,EQ,95.25,105.6,95.1,104.2,104,99.05,78415,7907301.8,24-FEB-2010,
DYNACONS,EQ,0.75,0.8,0.75,0.75,0.75,0.75,34495,26057.3,24-FEB-2010,
DYNAMATECH,EQ,1071,1084.9,1071,1084.9,1084.9,1074.7,20,21559,24-FEB-2010,
EASTSILK,EQ,14.65,14.7,14.3,14.55,14.55,14.75,49193,715854.65,24-FEB-2010,
EASUNREYRL,EQ,89.5,91,87.3,88.4,90,89.75,28071,2493631.85,24-FEB-2010,
ECEIND,EQ,215.15,223,206,212.8,212.1,222.2,328,70098.6,24-FEB-2010,
ECLERX,EQ,435,441,435,438.1,441,435.05,759,331013.5,24-FEB-2010,
EDELWEISS,EQ,417.05,418.8,404,405.25,405.05,418.7,14133,5782924.4,24-FEB-2010,
EDL,EQ,113.2,114.45,112,113.05,112.4,114.9,11056,1257040.25,24-FEB-2010,
EDSERV,EQ,255,259.95,249.4,251,250.2,260.6,121413,30957635.2,24-FEB-2010,
EDUCOMP,EQ,683.85,699.5,670.85,690.55,690.75,683.85,2094246,1437270668.5,24-FEB-2010,
EICHERMOT,EQ,573.3,583.7,573.3,575.95,576.05,578.5,5618,3238817.75,24-FEB-2010,
EIDPARRY,EQ,320.1,333,320.1,330.6,330.25,322.05,30576,10014433.5,24-FEB-2010,
EIHAHOTELS,EQ,114.1,122,114.1,119.75,120.1,119.15,7460,883413.5,24-FEB-2010,
EIHOTEL,EQ,123,124,119.45,120.3,120.15,124.65,58454,7096556.6,24-FEB-2010,
EIMCOELECO,EQ,235,235,230,235,235,234.8,290,67302.5,24-FEB-2010,
EKC,EQ,116,116.8,112.8,113.55,113.4,116.5,387082,44304300.5,24-FEB-2010,
ELDERPHARM,EQ,360,369,353,363.8,369,364.2,9582,3482283.65,24-FEB-2010,
ELECON,EQ,73.5,75.65,73.5,74.1,74.2,75.15,93329,6932351.95,24-FEB-2010,
ELECTCAST,EQ,44.2,44.9,44,44.55,44.6,44.9,181403,8067715.2,24-FEB-2010,
ELECTHERM,EQ,294.1,303,291.1,295.3,296,299.8,4078,1214022.95,24-FEB-2010,
ELFORGE,EQ,23.45,24,23.45,23.8,23.8,24.65,4650,109417.5,24-FEB-2010,
ELGIEQUIP,EQ,80.9,80.9,79,80.45,80.4,80.2,13170,1055551.35,24-FEB-2010,
ELGIRUBBER,EQ,7.95,7.95,7.6,7.75,7.75,7.8,2987,23039.55,24-FEB-2010,
ELNET,EQ,48.1,51.8,48.1,50.4,50.2,50.5,1773,89072.45,24-FEB-2010,
EMAMILTD,EQ,540,546.6,536.5,543.05,543.45,541.55,6515,3529872.55,24-FEB-2010,
EMCO,EQ,78.5,79,78,78.3,78.15,79.4,61341,4817323.6,24-FEB-2010,
EMKAY,EQ,74.9,76.45,72.4,75.75,76.25,73.95,10193,761427.1,24-FEB-2010,
EMMBI,EQ,46,48.3,26.65,28.75,28.2,45,61482682,2345126072.7,24-FEB-2010,
ENERGYDEV,EQ,63,63.6,61,62.05,61,63.35,7562,473136.85,24-FEB-2010,
ENGINERSIN,EQ,1949.9,1953,1915.05,1922.75,1916,1952.7,17920,34631009.7,24-FEB-2010,
ENIL,EQ,208,216,208,210.1,210.5,210.1,18409,3886359.2,24-FEB-2010,
ENKEI,BE,99.95,99.95,93.5,97.5,97.5,97.15,390,36826.75,24-FEB-2010,
ENTEGRA,EQ,35.3,36.6,35.1,36.5,36.5,36.45,26904,972937.4,24-FEB-2010,
ERAINFRA,EQ,206,206,205.05,205.35,205.2,206.45,231720,47595137.45,24-FEB-2010,
ESABINDIA,EQ,575,579.95,565.4,567.4,566.05,580.5,2008,1147829.1,24-FEB-2010,
ESCORTS,EQ,122.55,128.35,122.55,126.75,128,122.55,523080,65528615.7,24-FEB-2010,
ESSAROIL,EQ,132.1,134,131.1,132.6,132.65,133.85,1575419,208986161.75,24-FEB-2010,
ESSARSHIP,EQ,65.85,66.15,64.1,64.65,64.8,66.15,97821,6356844.65,24-FEB-2010,
ESSDEE,EQ,384,399,382,397.65,398.5,389.5,69716,27555454,24-FEB-2010,
ESSELPACK,EQ,43,43.35,41,41.3,41.1,43.1,26436,1115127.75,24-FEB-2010,
ETC,EQ,200.15,212,200.15,207.9,203,207.35,11616,2419034.6,24-FEB-2010,
EUROCERA,EQ,45.05,46.6,45,45.25,45,47.25,1121,51243.6,24-FEB-2010,
EUROMULTI,EQ,25.5,26.2,25.1,25.3,25.1,26,60285,1543371,24-FEB-2010,
EUROTEXIND,EQ,21.35,21.35,21.35,21.35,21.35,22.4,167,3565.45,24-FEB-2010,
EVEREADY,EQ,58,58.35,56.8,57.1,57.1,58.25,97241,5567253.05,24-FEB-2010,
EVERESTIND,EQ,162.05,167,161.05,162.4,161.5,164.1,12619,2071232.95,24-FEB-2010,
EVERONN,EQ,398.5,406.5,393.35,396.95,395.8,402.35,219387,87723541.7,24-FEB-2010,
EVINIX,EQ,3.65,3.7,3.5,3.6,3.6,3.7,457382,1637258.8,24-FEB-2010,
EXCELCROP,EQ,139.35,140.75,137.4,139.9,138.4,141.2,4012,558496,24-FEB-2010,
EXCELINDUS,EQ,44,44,42.15,43.1,43.1,42.6,462,19945.3,24-FEB-2010,
EXCELINFO,EQ,41.85,41.9,40.25,40.6,40.9,41.85,49746,2037646.55,24-FEB-2010,
EXIDEIND,EQ,106,107.8,104.9,105,104.95,106.7,2095537,220921416.3,24-FEB-2010,
FACT,EQ,53.9,55.25,52,52.65,52,55.45,657336,35191682.5,24-FEB-2010,
FAGBEARING,EQ,533.25,551,533.25,548.05,551,540.55,166,90004.45,24-FEB-2010,
FAME,BE,96.6,96.6,87.4,87.4,87.4,92,1543307,142204665.55,24-FEB-2010,
FCH,EQ,166.25,172.9,166.1,168.05,167.05,167.5,50820,8613477.95,24-FEB-2010,
FCSSOFT,EQ,12.8,12.85,12.3,12.45,12.55,12.75,1208809,15144610.1,24-FEB-2010,
FDC,EQ,70.3,71.5,69.5,70.05,69.55,71.3,54685,3847490.65,24-FEB-2010,
FEDDERLOYD,EQ,72.95,73.45,69,72.05,72.7,72.25,4329,311503.5,24-FEB-2010,
FEDERALBNK,EQ,248.85,251.9,248.85,250.05,250.4,250.4,424182,106046814.8,24-FEB-2010,
FIEMIND,EQ,89.95,94.5,88.05,89.2,89,90.05,47667,4370386.15,24-FEB-2010,
FINANTECH,EQ,1505,1522.9,1498,1513.15,1506,1510.8,88900,134384715.35,24-FEB-2010,
FINCABLES,EQ,49,49.85,48.2,48.4,48.25,49.4,67508,3280840.15,24-FEB-2010,
FINPIPE,EQ,52.3,53.5,52.3,53.15,53.05,53.45,46838,2485008.7,24-FEB-2010,
FIRSTLEASE,EQ,51,55.5,50.35,51.85,51.4,51.05,115430,6151594.05,24-FEB-2010,
FIRSTWIN,BE,22.9,22.95,22,22.85,22.85,23.1,2254,50213.9,24-FEB-2010,
FKONCO,EQ,112.7,112.7,110,111.25,111.7,111.2,16484,1830778.55,24-FEB-2010,
FMGOETZE,EQ,134.3,137.9,134,135,135.25,135.95,8299,1130059.45,24-FEB-2010,
FORTIS,EQ,151.8,154.75,151.2,152.35,152.5,153.4,538885,82270538.15,24-FEB-2010,
FORTIS,W1,25,25.65,25,25.65,25.65,26.5,7,178.9,24-FEB-2010,
FOSECOIND,EQ,333,353.8,332.35,353.8,353.8,346.75,211,72827.85,24-FEB-2010,
FOURSOFT,EQ,23.5,23.85,23,23.3,23.15,23.55,16663,388838.05,24-FEB-2010,
FSL,EQ,27.9,28.25,27,27.25,27.35,27.95,3773314,103793238.75,24-FEB-2010,
FTCPOF5YDV,EQ,11.35,11.35,11.35,11.35,11.35,11.4,2000,22700,24-FEB-2010,
FTCPOF5YGR,EQ,11.8,11.8,11.8,11.8,11.8,11.6,41,483.8,24-FEB-2010,
FTCSF5YDIV,EQ,10.7,11.35,10.5,11.25,11.25,11.45,40000,438710,24-FEB-2010,
GABRIEL,EQ,31.8,31.85,31,31.6,31.7,32,20782,654774.65,24-FEB-2010,
GAEL,EQ,18.35,18.35,17.5,17.65,17.55,18.45,85579,1520048.1,24-FEB-2010,
GAIL,EQ,404.3,409.95,403,406.15,406.15,408.7,1097082,445521595.7,24-FEB-2010,
GALLANTT,EQ,31.2,31.75,30,31,30.85,30.95,128274,3941119.45,24-FEB-2010,
GAMMNINFRA,EQ,24.5,24.65,23.95,24.15,24.2,24.85,656122,15903712.9,24-FEB-2010,
GAMMONIND,EQ,221.75,221.75,215,215.95,215.95,219.6,31040,6747783,24-FEB-2010,
GANDHITUBE,EQ,90,91,90,90.15,90.1,90,237,21360.15,24-FEB-2010,
GANESHHOUC,EQ,141.5,145.5,141,143.8,144,144.45,14825,2120431.95,24-FEB-2010,
GANGOTRI,EQ,7.5,8.4,7.5,8.05,8.4,7.85,1503,11776.25,24-FEB-2010,
GARDENSILK,EQ,69.85,69.85,67.55,67.75,67.7,68.1,5269,358601.05,24-FEB-2010,
GARWALLROP,EQ,56.1,57.3,55.65,56.2,55.65,57.25,4486,253407.55,24-FEB-2010,
GARWOFFS,EQ,180,184.85,177.15,179.55,177.2,183.5,14505,2626259,24-FEB-2010,
GATI,EQ,53.35,55.55,52,54.25,55.5,53.35,944565,50755218.85,24-FEB-2010,
GDL,EQ,129,133.4,128,130.05,130.15,129,173932,22673605.7,24-FEB-2010,
GEMINI,EQ,47.25,47.25,42.75,42.75,42.75,45,27514,1176380,24-FEB-2010,
GENESYS,EQ,278.95,285,270.1,281.1,282,274.35,19470,5465250.45,24-FEB-2010,
GENUSPOWER,EQ,148.95,151.95,146.1,146.8,146.5,150.8,17365,2576901.5,24-FEB-2010,
GEODESIC,EQ,123.3,125.6,121.05,123.45,124,125.9,162490,19978195.55,24-FEB-2010,
GEOJITBNPP,EQ,34.75,34.95,34.1,34.3,34.45,34.75,74780,2571371.65,24-FEB-2010,
GEOMETRIC,EQ,60.5,62.45,59.2,61.05,60.9,60.65,54022,3301229.6,24-FEB-2010,
GESHIP,EQ,268,269.7,262,264.8,265,268.05,410962,108828820.45,24-FEB-2010,
GHCL,EQ,44,44.75,43.65,44.25,44.1,44.35,85613,3800672.25,24-FEB-2010,
GICHSGFIN,EQ,85.5,87,85.5,85.65,85.6,86.1,74367,6400743.45,24-FEB-2010,
GILLANDERS,EQ,142.3,142.3,138.1,139.15,139.95,142.3,9331,1302312.9,24-FEB-2010,
GILLETTE,EQ,1390,1390,1334.95,1345.95,1335,1394.9,3696,5022701.25,24-FEB-2010,
GINNIFILA,EQ,10.7,11.25,10.45,10.9,11.25,10.7,50440,536673.9,24-FEB-2010,
GIPCL,EQ,99.8,100.45,96.65,98.5,99,97.1,81368,7992210.05,24-FEB-2010,
GISOLUTION,EQ,20.7,20.75,20.15,20.25,20.15,19.8,6150,126113.6,24-FEB-2010,
GITANJALI,EQ,116.05,117.65,115.1,116.9,116.05,116.95,74399,8648070.45,24-FEB-2010,
GKWLIMITED,EQ,305.2,341.3,305.2,341.25,341,310.25,3516,1193090.9,24-FEB-2010,
GLAXO,EQ,1691,1718.95,1640.4,1710.2,1712.1,1711.35,15432,26194679.55,24-FEB-2010,
GLENMARK,EQ,254,256.4,245.5,249.7,249.5,254.4,562657,141504626.95,24-FEB-2010,
GLFL,EQ,4.4,4.45,4.3,4.45,4.45,4.4,3046,13222.8,24-FEB-2010,
GLOBALVECT,EQ,42.3,42.7,42,42.15,42,43.1,1025,43444.9,24-FEB-2010,
GLOBUSSPR,EQ,96.3,96.9,95.25,95.85,96.05,96.5,48741,4675197.6,24-FEB-2010,
GLODYNE,EQ,479,571.95,479,570.1,571.9,476.6,944332,522842671.9,24-FEB-2010,
GLORY,EQ,22.2,22.8,22.15,22.2,22.2,22.65,74212,1660545.8,24-FEB-2010,
GMBREW,EQ,75.6,77,75,75.85,77,76.85,2036,154083.25,24-FEB-2010,
GMDCLTD,EQ,141.5,143.6,139.3,140.65,140.35,142.4,421438,59503574.1,24-FEB-2010,
GMRFER,EQ,33.75,34.85,33.6,33.85,34,35.4,4858,165959.15,24-FEB-2010,
GMRINDS,EQ,129,129.8,126.4,129.25,128.55,129.5,2666,342688.15,24-FEB-2010,
GMRINFRA,EQ,55.2,55.75,54.75,55.3,55.25,55.65,2204647,122055497.7,24-FEB-2010,
GNFC,EQ,107.5,109.4,105.45,107.25,107,108.9,146891,15779237.55,24-FEB-2010,
GOACARBON,EQ,103.5,103.8,101.5,102.1,101.85,104.35,16454,1686515.55,24-FEB-2010,
GODFRYPHLP,EQ,1751,1820,1751,1812.2,1820,1793.8,1530,2754674.1,24-FEB-2010,
GODREJCP,EQ,252,257.15,251.15,254.55,253.35,256.05,107916,27453239.65,24-FEB-2010,
GODREJIND,EQ,145.95,146.5,143,144.35,144.05,145.95,126828,18383053.15,24-FEB-2010,
GODREJPROP,EQ,469.9,469.9,465,465.65,466.95,469.9,5099,2377094.75,24-FEB-2010,
GOKEX,EQ,150.5,151.65,146,149.85,150.9,152.2,1407,210093.6,24-FEB-2010,
GOKUL,EQ,52.5,53.1,52,52.55,52.5,53.3,37028,1947137.5,24-FEB-2010,
GOLDBEES,EQ,1640,1642,1619,1620.48,1619.52,1639.37,29021,47275202.02,24-FEB-2010,
GOLDENTOBC,EQ,140.65,140.65,127.35,128.45,128,133.95,44143,5949383.6,24-FEB-2010,
GOLDIAM,EQ,46.35,46.35,44.3,44.35,44.35,46.6,7784,347091.9,24-FEB-2010,
GOLDINFRA,EQ,25.25,25.45,25.15,25.3,25.35,25.35,66318,1675882.15,24-FEB-2010,
GOLDSHARE,EQ,1639,1639,1618,1622.27,1620,1639.22,3688,6011671.41,24-FEB-2010,
GOLDTECH,EQ,36.95,37.2,35.05,35.45,35.45,36.35,102217,3683326.35,24-FEB-2010,
GPIL,EQ,195.3,195.5,188.15,189,188.2,195.85,36990,7098550.45,24-FEB-2010,
GRABALALK,EQ,57,57,54,55,55.5,55.8,279,15200,24-FEB-2010,
GRANULES,EQ,89,90.3,88,89.6,89.75,88.5,5149,460430.75,24-FEB-2010,
GRAPHITE,EQ,77.1,78.1,76,77.9,78,77.85,32104,2477529.85,24-FEB-2010,
GRASIM,EQ,2655,2675,2637.1,2650,2653.45,2664.4,86284,228819255.45,24-FEB-2010,
GREAVESCOT,EQ,266,272,263,264.9,264.3,268.8,9998,2674724.6,24-FEB-2010,
GREENPLY,EQ,182,187.7,181,184.6,182,183.65,6386,1177385.3,24-FEB-2010,
GRINDWELL,EQ,141.55,143,140.3,141.05,141.95,143.35,1949,275960.85,24-FEB-2010,
GRUH,EQ,204,204.95,198.8,200.1,200.7,203.3,8700,1751050.75,24-FEB-2010,
GSFC,EQ,198,200,191.25,198.35,198.8,201.4,172653,34075793.75,24-FEB-2010,
GSKCONS,EQ,1415,1438.5,1370.05,1422,1400,1392,56718,80372367.3,24-FEB-2010,
GSLNOVA,EQ,7.95,8.1,7.8,7.85,7.85,8.05,23749,187874.35,24-FEB-2010,
GSPL,EQ,85,85.3,84,84.9,85.25,85.1,857413,72651561.65,24-FEB-2010,
GSSAMERICA,EQ,292.1,314.9,288,299.95,297.4,295.55,291911,89823848.7,24-FEB-2010,
GTL,EQ,408,409,405.95,406.4,406,407.3,276737,112467363.7,24-FEB-2010,
GTLINFRA,EQ,42.25,42.65,41.7,42.15,42.25,42.6,4059376,170546904.4,24-FEB-2010,
GTNIND,EQ,15.45,15.45,14.5,14.85,14.85,15,2532,38190.4,24-FEB-2010,
GTNTEX,EQ,11.5,11.65,11.5,11.65,11.6,12,817,9482.55,24-FEB-2010,
GTOFFSHORE,EQ,421,426.75,418,422.35,419,423.6,103303,43692212,24-FEB-2010,
GUFICBIO,EQ,7.1,7.1,6.6,6.75,6.75,6.75,4192,28114.55,24-FEB-2010,
GUJALKALI,EQ,131,131.5,130,131,131,131.75,27511,3601526.2,24-FEB-2010,
GUJAPOLLO,EQ,182.1,186,167.05,183.2,185,182.1,13156,2362532,24-FEB-2010,
GUJFLUORO,EQ,142.3,143,138.5,139.2,139.2,142.3,22355,3137822.55,24-FEB-2010,
GUJNRECOKE,EQ,75.25,76.35,73.15,73.6,73.55,76.7,2591397,193974644.95,24-FEB-2010,
GUJRATGAS,EQ,240,245,238,239.6,238.15,243.45,27440,6622618.05,24-FEB-2010,
GUJSIDHCEM,EQ,15.7,16.1,15.65,15.8,15.75,16,182795,2897517.15,24-FEB-2010,
GULFOILCOR,EQ,86.8,88,86,86.35,86.25,87.15,26961,2340822.6,24-FEB-2010,
GVKPIL,EQ,40.5,42.2,40.3,41.1,41.25,40.45,16709876,687878011.45,24-FEB-2010,
GWALCHEM,EQ,90,90.75,89.15,90.25,90.1,90.1,9937,894994.8,24-FEB-2010,
HALONIX,EQ,82,85.5,81,84.4,85.5,82.5,12989,1084135,24-FEB-2010,
HANUNG,EQ,120.6,125.95,119.5,124.85,124.6,122.3,199302,24622638.3,24-FEB-2010,
HARITASEAT,EQ,73.4,80.5,73.4,78.5,78.5,81.05,1100,84372.5,24-FEB-2010,
HARRMALAYA,EQ,106.6,111.9,105.05,110.55,110.2,108.85,118701,12881103.7,24-FEB-2010,
HAVELLS,EQ,530,534.9,515.05,518.45,515.9,530.05,286198,149790843.6,24-FEB-2010,
HBLPOWER,EQ,32.35,34.7,32.35,33.8,33.95,33.85,301507,10234611.75,24-FEB-2010,
HBSTOCK,EQ,24,25.4,23.8,24.05,23.8,25.05,2284,55352.2,24-FEB-2010,
HCC,EQ,133,137.1,132.1,136.05,136.7,134,2351585,316016644.55,24-FEB-2010,
HCIL,EQ,390.05,392.9,386,390.4,392.7,390.2,2082,813690.1,24-FEB-2010,
HCL-INSYS,EQ,130.2,134,130.2,131.35,130.8,131,258684,34198625.75,24-FEB-2010,
HCLTECH,EQ,360,369.9,360,365.45,366.45,363.05,682450,250034699.65,24-FEB-2010,
HDFC,EQ,2505,2533.8,2485,2492.85,2491.4,2518.7,354177,889465782.45,24-FEB-2010,
HDFC,W1,349,350.9,349,349.95,350.9,351.7,1110,388463,24-FEB-2010,
HDFCBANK,EQ,1690,1710,1687.5,1700.5,1698.85,1701,560569,953075864,24-FEB-2010,
HDIL,EQ,292,298.75,290.9,297.45,298.5,295,5230246,1546349667.4,24-FEB-2010,
HEG,EQ,331.35,334.45,325,327.8,330.9,331.35,34181,11275691.45,24-FEB-2010,
HEIDELBERG,EQ,42.6,44.7,42.4,43.65,43.6,43.15,385876,16799569.25,24-FEB-2010,
HELIOSMATH,EQ,45.25,45.25,43.1,43.8,44.25,43.6,24064,1052891,24-FEB-2010,
HERCULES,EQ,217,228.5,215.05,217.75,218.2,218.05,57928,12887847.5,24-FEB-2010,
HERITGFOOD,EQ,190.1,199,190.1,196.35,196.95,199,360,70528.15,24-FEB-2010,
HEROHONDA,EQ,1688,1689,1652.4,1672.25,1676,1693.85,283000,472540760.6,24-FEB-2010,
HEXAWARE,EQ,67.5,67.5,64.8,65,65.3,66.9,233243,15227700.3,24-FEB-2010,
HGSL,EQ,425,425,415,418.1,416.2,419.95,822,343026.7,24-FEB-2010,
HIKAL,EQ,357,357.75,347.1,348.7,348.1,354.65,3870,1355815.6,24-FEB-2010,
HILTON,EQ,21,22.45,20.3,20.85,21.3,21.1,8913,188649.45,24-FEB-2010,
HIMACHLFUT,BE,13.05,13.65,13.05,13.25,13.2,13.6,798044,10653776.9,24-FEB-2010,
HIMATSEIDE,EQ,37.3,37.85,36.65,36.7,36.9,37.95,61011,2257944.65,24-FEB-2010,
HINDALCO,EQ,154,158.4,151.9,155,155.25,154.8,14604618,2272174753.35,24-FEB-2010,
HINDCOMPOS,EQ,406,411,401.05,402.3,407,405.8,11260,4538158.25,24-FEB-2010,
HINDCOPPER,EQ,507,538,507,526,525.3,533.1,368266,194554125.85,24-FEB-2010,
HINDDORROL,EQ,180.3,191.9,180.3,186.85,186.85,188.35,93442,17574214.6,24-FEB-2010,
HINDMOTOR,EQ,19.95,20.65,19.95,20.1,20.35,20.65,97161,1968523.6,24-FEB-2010,
HINDNATGLS,EQ,225,228.95,224,227.85,228,225.3,16896,3809962,24-FEB-2010,
HINDOILEXP,EQ,238,241.55,233.1,234.8,234,239.05,578211,136988419.65,24-FEB-2010,
HINDPETRO,EQ,358.45,364.75,357.3,362.95,362.15,358.45,466885,168668474.25,24-FEB-2010,
HINDSYNTEX,EQ,3.4,3.4,3.35,3.4,3.4,3.4,1500,5074.55,24-FEB-2010,
HINDUJAFO,EQ,95,107,94,100,100,98.75,627,64242.35,24-FEB-2010,
HINDUJAVEN,EQ,320,324.5,316.25,317.85,316.45,324.35,11245,3606927.35,24-FEB-2010,
HINDUNILVR,EQ,244,245.2,241,242.15,241.6,244.9,1102320,268033698.1,24-FEB-2010,
HINDZINC,EQ,1085.2,1116,1085.2,1105.45,1110,1105.7,112946,124649136.7,24-FEB-2010,
HINVDIR,EQ,237.95,238.95,231.6,232.75,233.95,238,2003,470833.05,24-FEB-2010,
HIRECT,EQ,71,74.5,66.8,68.35,68.4,71.85,1147535,81330101.7,24-FEB-2010,
HITACHIHOM,EQ,164,164,159,161.55,160,162.95,8362,1349912.05,24-FEB-2010,
HITECHGEAR,EQ,113.9,115,110,110.75,112,110,2340,260890.65,24-FEB-2010,
HITECHPLAS,EQ,92.95,92.95,85.7,87.1,86.25,86.8,2033,179135.7,24-FEB-2010,
HMT,EQ,85,86.7,82,82.8,82.45,85.95,738779,62485971.25,24-FEB-2010,
HOCL,BE,40,40.75,39.4,40.1,40.2,41.35,89778,3593942.85,24-FEB-2010,
HONAUT,EQ,2330,2381.5,2330,2367.15,2378.9,2367.05,1997,4701139.2,24-FEB-2010,
HONDAPOWER,BE,355.1,365.95,350,350.15,350,360,4072,1452164.75,24-FEB-2010,
HOPFL,EQ,72,73,70.1,71.5,71.95,72.25,6856,491329.4,24-FEB-2010,
HORIZONINF,EQ,338.95,355,320,328.65,332.75,323.7,353,117969.25,24-FEB-2010,
HOTELEELA,EQ,44.25,47.75,43.5,46.55,47.55,44.35,1042478,47570071.1,24-FEB-2010,
HOTELRUGBY,EQ,7.75,8.15,7.75,7.8,7.75,8.15,2094,16439.45,24-FEB-2010,
HOVS,EQ,69.1,71.75,69.1,70.2,69.8,72.4,21553,1514297.8,24-FEB-2010,
HSIL,EQ,76.8,76.8,72.7,73.15,73.9,73.55,12940,955393.05,24-FEB-2010,
HTMEDIA,EQ,143,143.85,135.4,138.1,136,143.75,41111,5723488.05,24-FEB-2010,
HYDRBADIND,EQ,560.25,590,558.6,583.95,580.1,567.8,18442,10676506.2,24-FEB-2010,
HYDROS&S,EQ,37,37.5,35.1,36.3,36.05,36.2,11035,399751.8,24-FEB-2010,
IBN18,EQ,97.85,99.5,94.1,97.3,97,95.75,10827,1041666.9,24-FEB-2010,
IBPOW,EQ,29.35,29.7,29.15,29.45,29.3,29.6,2301153,67765939.75,24-FEB-2010,
IBREALEST,EQ,151,162.45,151,161.3,162,154.6,7356669,1165669301.25,24-FEB-2010,
IBSEC,EQ,29.6,31.55,29.45,31.05,31.15,29.8,2199511,67336164.7,24-FEB-2010,
ICI,EQ,607,614.85,600,609.35,609.95,606.65,636,386586.35,24-FEB-2010,
ICICIBANK,EQ,840.1,845.9,833,841.15,841.15,847.75,3109494,2613804394.55,24-FEB-2010,
ICRA,EQ,935,935,887.65,898.85,890,924.5,26289,24034349.65,24-FEB-2010,
ICSA,EQ,134.7,135.15,132.65,133.1,132.65,135.45,203450,27289470.35,24-FEB-2010,
IDBI,EQ,115.9,117.6,115.3,116.15,115.8,116.15,1370439,159600477.1,24-FEB-2010,
IDEA,EQ,56.9,58.25,56.6,57.95,58.15,56.6,2334683,134449894.15,24-FEB-2010,
IDFC,EQ,152.25,155.5,150.65,151.2,151.15,152.9,3057619,465235982.55,24-FEB-2010,
IFBAGRO,EQ,76,77.55,75.95,75.95,75.95,73.65,602,45830,24-FEB-2010,
IFBIND,EQ,80.95,80.95,78.6,79.05,79,80.35,8032,636394,24-FEB-2010,
IFCI,EQ,48.6,48.8,47.75,48.25,48.25,48.45,7683035,370788838.15,24-FEB-2010,
IFGLREFRAC,EQ,45.1,47.9,45.1,46.2,46.55,46,38776,1811308.2,24-FEB-2010,
IFL,EQ,9.55,9.85,9.1,9.1,9.15,9.55,96431,890673.3,24-FEB-2010,
IGARASHI,BE,41.3,43.55,41.3,42,42,43,2634,112304.1,24-FEB-2010,
IGL,EQ,209,214.8,207.55,209.75,209.1,208.8,211714,44710978.8,24-FEB-2010,
IGPL,EQ,43.2,44.5,43.2,44.25,44.3,44.05,4592,202795.45,24-FEB-2010,
IMPAL,EQ,380,410,380,407.65,408.9,414.8,1449,589691.45,24-FEB-2010,
IMPEXFERRO,EQ,10,10.5,10,10.3,10.3,10.4,997,10289.5,24-FEB-2010,
INDBANK,EQ,13.8,14.2,13.25,13.55,13.55,13.9,3374,46411.75,24-FEB-2010,
INDHOTEL,EQ,86.5,88.1,85.2,86,85.55,87.15,1155149,100171987.7,24-FEB-2010,
INDHOTEL,N4,100.36,100.36,100.36,100.36,100.36,101.49,40,4014.4,24-FEB-2010,
INDIABULLS,EQ,97.5,99.9,97.05,99.1,98.8,97.25,1796598,177494128.9,24-FEB-2010,
INDIACEM,EQ,113.2,116.65,113.2,116.35,116.3,116.65,638568,73899591.65,24-FEB-2010,
INDIAGLYCO,EQ,120,120.8,119.15,120.1,120.1,119.9,30295,3635034.4,24-FEB-2010,
INDIAINFO,EQ,110.2,112.6,109.6,110,109.65,111.75,456271,50475001.05,24-FEB-2010,
INDIANB,EQ,163.45,163.45,157.7,159,158.35,162.65,357514,57185310.25,24-FEB-2010,
INDIANCARD,EQ,154.6,155.1,154.6,155.1,155,157,225,34845,24-FEB-2010,
INDIANHUME,EQ,706.2,721.9,701,705.4,701.05,705.05,619,437775.75,24-FEB-2010,
INDLMETER,EQ,116.5,116.8,112.5,112.8,112.6,115.15,2418,276687.75,24-FEB-2010,
INDNIPPON,EQ,202,206.25,200,205,205,202.35,2080,420438.3,24-FEB-2010,
INDOASIFU,EQ,63,66.95,62.7,65.3,64.4,63.75,11333,749918.15,24-FEB-2010,
INDOCO,EQ,313.1,319.8,302.1,305,303,316,11024,3364955.6,24-FEB-2010,
INDORAMA,EQ,34.95,34.95,33,33.7,34.25,33.25,1730,57756.25,24-FEB-2010,
INDOTECH,EQ,309.85,318.5,296.75,298.1,297,311.5,164440,50580275.85,24-FEB-2010,
INDOWIND,EQ,44.8,45.6,44.6,44.9,44.85,45.6,167009,7540328.45,24-FEB-2010,
INDRAMEDCO,EQ,41.5,41.55,40.05,40.25,40.35,41.5,91215,3716082.45,24-FEB-2010,
INDSWFTLAB,EQ,63.6,64.45,62.2,63.1,62.95,63.85,61113,3872521.65,24-FEB-2010,
INDSWFTLTD,EQ,28,28.15,27.3,27.35,27.45,28.3,16438,455410.05,24-FEB-2010,
INDUSFILA,EQ,25.9,26,23.8,24.7,24.7,24.75,27549,704085.75,24-FEB-2010,
INDUSINDBK,EQ,148,151.1,146.3,149.95,150,148.55,723246,108377202.35,24-FEB-2010,
INEABS,EQ,166.7,178,166.25,177.35,178,172.75,2541,438864.05,24-FEB-2010,
INFINITE,EQ,204,205.5,194.15,199.7,199.05,203.35,1295478,259071018.2,24-FEB-2010,
INFODRIVE,EQ,30.75,30.75,28,29.5,29.35,29.9,5863,171795.4,24-FEB-2010,
INFOMEDIA,EQ,27.9,27.9,26.35,26.6,26.65,27.45,146355,3946834.45,24-FEB-2010,
INFOSYSTCH,EQ,2568,2598.3,2551,2576.3,2579.8,2581.3,678377,1752076551.95,24-FEB-2010,
INFOTECENT,EQ,333.2,356.8,328.1,346.95,348.95,335,85736,29577414.65,24-FEB-2010,
INGERRAND,EQ,332,337.95,330.7,335,337.5,332.95,3069,1021075.25,24-FEB-2010,
INGVYSYABK,EQ,245.1,253,245.1,251,251.5,248.1,111477,27898849.8,24-FEB-2010,
INOXLEISUR,EQ,74,76.7,70.65,73.5,73.3,73.75,1796138,133440462,24-FEB-2010,
INSECTICID,EQ,89.75,89.75,86.35,87,87,87.75,2998,261368.5,24-FEB-2010,
IOB,EQ,89.8,89.8,86.8,87.05,87.15,90,709482,62443667.1,24-FEB-2010,
IOC,EQ,318.4,325.25,315.2,322.2,323.5,322.5,477326,153409617.1,24-FEB-2010,
IOLN,EQ,23,23.65,22.4,22.45,22.45,23.15,19654,444441.35,24-FEB-2010,
IPCALAB,EQ,1132,1139,1101,1105.6,1109,1124.75,1922,2141072.2,24-FEB-2010,
IPRINGLTD,EQ,76,76,75.8,75.8,75.8,79.55,75,5690,24-FEB-2010,
IRB,EQ,252.8,253.6,250.1,251.8,251.65,252.95,243641,61321895.65,24-FEB-2010,
ISMTLTD,EQ,50.1,52.35,50.1,51.15,51.05,51.1,662085,33487741.25,24-FEB-2010,
ISPATIND,EQ,18.55,18.65,18.3,18.5,18.55,18.7,8312801,153759045.15,24-FEB-2010,
ISPATIND,P1,2.85,3,2.85,2.95,2.95,3,29780,87762.3,24-FEB-2010,
ITC,EQ,248.35,250.45,246.8,247.65,248.2,249.25,2847872,708603890.55,24-FEB-2010,
ITDCEM,EQ,184,186,183,183,183,185.5,370,68282.75,24-FEB-2010,
ITI,EQ,50.5,51.8,49.5,49.7,49.55,51.45,526243,26654488,24-FEB-2010,
IVC,EQ,40.05,40.9,39.4,39.55,39.55,40.2,84972,3391630.7,24-FEB-2010,
IVP,EQ,35.3,36.7,35.3,35.9,35.9,35.95,30700,1112215.95,24-FEB-2010,
IVRCLINFRA,EQ,312.15,323.8,310.55,317.85,316.4,314.75,1483274,471821913.2,24-FEB-2010,
IVRPRIME,EQ,158.2,160,155,157.55,156.65,160.05,35871,5608877.45,24-FEB-2010,
J&KBANK,EQ,590,604.2,585.55,599.7,600,600.8,8346,5007898.25,24-FEB-2010,
JAGRAN,EQ,120,120.65,118,118.65,118.6,121,23027,2750263,24-FEB-2010,
JAGSNPHARM,EQ,16.6,17.4,16.5,16.95,17,17.1,6570,110394,24-FEB-2010,
JAIBALAJI,EQ,225,230,219,227.95,225,229.7,10255,2309678.5,24-FEB-2010,
JAICORPLTD,EQ,233,235.9,228.6,230.3,230.05,238.1,595689,138399188.15,24-FEB-2010,
JAINSTUDIO,EQ,10.3,10.6,10.15,10.45,10.5,10.15,5455,56971.25,24-FEB-2010,
JAYAGROGN,EQ,78,79.1,78,78.5,78.5,78.45,2231,174155.75,24-FEB-2010,
JAYBARMARU,EQ,66.25,66.25,66.25,66.25,66.25,67.9,102,6757.5,24-FEB-2010,
JAYNECOIND,EQ,27.1,27.5,27,27.2,27.1,27.15,64198,1748515.05,24-FEB-2010,
JAYSREETEA,EQ,310.1,316.8,306.8,308.05,308,311.95,51349,15962759.65,24-FEB-2010,
JBCHEPHARM,EQ,60.3,63,60.3,62.45,62,61.95,22282,1392931,24-FEB-2010,
JBFIND,EQ,102.15,103,98.5,99.25,99.9,102.3,70083,7016805.85,24-FEB-2010,
JBMA,EQ,62,64.75,62,64,64,65.05,4292,274201.6,24-FEB-2010,
JCTEL,EQ,1.95,2,1.95,1.95,1.95,2,100496,198018.05,24-FEB-2010,
JENSONICOL,EQ,6.5,6.5,6.1,6.2,6.35,6.4,17516,108646.15,24-FEB-2010,
JETAIRWAYS,EQ,430,448.5,422,424.35,425,434.4,528270,229739856.65,24-FEB-2010,
JHS,EQ,53.5,54.7,53,53.25,53.15,54,3923,209547.9,24-FEB-2010,
JIKIND,EQ,16,16.5,16,16.5,16.5,16.35,1804,29494.1,24-FEB-2010,
JINDALPHOT,EQ,210,212.4,192.6,195.05,193.25,211.7,107530,21606402.75,24-FEB-2010,
JINDALPOLY,EQ,362.05,365.8,360.2,362.6,363.65,362.65,7982,2900489,24-FEB-2010,
JINDALSAW,EQ,190.1,194.4,188.75,193,193.5,192.4,1790456,343461180.1,24-FEB-2010,
JINDALSTEL,EQ,618,623.9,610,621.8,621.75,617.4,1238055,765148456.6,24-FEB-2010,
JINDALSWHL,EQ,1580,1664.8,1563.4,1619.95,1618.4,1595.95,127591,207641576.25,24-FEB-2010,
JINDCOT,EQ,81.4,81.6,80.55,81.1,81.2,81.9,82397,6678897.4,24-FEB-2010,
JINDRILL,EQ,507,513.9,502.15,507.2,510,508.75,41552,21226025.05,24-FEB-2010,
JISLJALEQS,EQ,844,844.9,828.1,831.85,833.5,844.15,171744,143318146.6,24-FEB-2010,
JKCEMENT,EQ,165,169.7,165,167.55,168.85,170.2,67120,11246734.6,24-FEB-2010,
JKIL,EQ,184,189.4,183.15,187.4,189.4,185.7,99696,18463096,24-FEB-2010,
JKLAKSHMI,EQ,70.6,72.7,69.1,70.9,71.1,71.8,87727,6229166.55,24-FEB-2010,
JKPAPER,EQ,44.4,44.4,42.8,43.35,43.4,43.7,42236,1829801.25,24-FEB-2010,
JKTYRE,EQ,168.25,175.75,168.25,172.35,171.1,178.1,86992,15039794.45,24-FEB-2010,
JMCPROJECT,EQ,155,159,154.5,156.05,155,156,12697,1987560.65,24-FEB-2010,
JMFINANCIL,EQ,36.25,37.4,35.9,36.15,36,36.85,152163,5578285.6,24-FEB-2010,
JMTAUTOLTD,EQ,56.25,56.85,55.55,55.6,55.55,57,2800,156805.9,24-FEB-2010,
JOCIL,EQ,235.4,250,235.35,246,246,247.5,292,70713.55,24-FEB-2010,
JPASSOCIAT,EQ,130.6,134.7,130.6,132.6,132.6,132.6,5965030,790877289.15,24-FEB-2010,
JPPOWER,EQ,69,69,65.5,66.8,67,67.15,946359,62862171.8,24-FEB-2010,
JSL,EQ,99.1,107.8,98.3,103.05,102.25,99.85,183399,18617942.65,24-FEB-2010,
JSWENERGY,EQ,104.5,105.75,103.9,104.2,104,105.05,771490,80666217.55,24-FEB-2010,
JSWSTEEL,EQ,1053,1082,1035,1077.85,1081.9,1053.65,2199035,2332756766.5,24-FEB-2010,
JUBILANT,EQ,320.25,324.8,316,320,320,325.4,50940,16319397.3,24-FEB-2010,
JUBLFOOD,EQ,215.4,227,212.6,221.9,222,219.85,897190,197506827.1,24-FEB-2010,
JUMBO,EQ,31.65,31.65,29.55,31,31,30.7,2420,74796.05,24-FEB-2010,
JUNIORBEES,EQ,99.2,99.85,98.5,99.49,99.85,99.65,25053,2489368.71,24-FEB-2010,
JUPITER,EQ,78,79.4,77,78,78.5,78.3,12405,967476.95,24-FEB-2010,
JYOTHYLAB,EQ,182,182.5,179.6,180.55,180.4,181.45,31732,5741663.85,24-FEB-2010,
JYOTISTRUC,EQ,153,155.5,151.5,154.6,153,153.6,303314,46697712.75,24-FEB-2010,
KABRAEXTRU,EQ,191.5,197.95,191.5,194.3,194.25,193.15,11581,2258302.1,24-FEB-2010,
KAJARIACER,EQ,53.7,55.25,53.7,54.8,54.5,54.85,13838,756897.5,24-FEB-2010,
KAKATCEM,EQ,85.55,86,84.7,84.9,84.7,85.55,583,49549.15,24-FEB-2010,
KALECONSUL,EQ,79.2,86.8,79.1,81.9,82.9,79.85,107555,9001637.3,24-FEB-2010,
KALINDEE,EQ,199.7,199.7,183.8,183.8,183.8,193.45,3673019,691707730.85,24-FEB-2010,
KALPATPOWR,EQ,1029,1054,1010.1,1042.05,1035,1039.85,92040,93629447.75,24-FEB-2010,
KALSTEELS,EQ,196,197,194,194.4,194.25,197.8,14160,2755335.2,24-FEB-2010,
KALYANIFRG,EQ,132.15,142.9,131,137.6,139.75,140,1790,240857.2,24-FEB-2010,
KAMATHOTEL,EQ,66,66,61.1,63.3,63.7,63.6,4845,307245.9,24-FEB-2010,
KANORICHEM,EQ,30.35,31.5,30.05,30.25,30.15,31,11647,351830.45,24-FEB-2010,
KANSAINER,EQ,1046,1055.7,1029.9,1040.25,1035,1052.1,2604,2719285.4,24-FEB-2010,
KARURVYSYA,EQ,384,387.5,380.2,382.65,381,384.55,11911,4562815.95,24-FEB-2010,
KAUSHALYA,EQ,22,22,20.7,21.65,21.7,21.7,37856,810997,24-FEB-2010,
KAVVERITEL,BE,73.2,77.7,73.2,75.95,76.1,76.3,4894,370501.9,24-FEB-2010,
KBL,EQ,236.85,236.85,220.5,224.25,224,229.9,10058,2270988.9,24-FEB-2010,
KCP,EQ,294,297.85,290.05,291.85,291.05,294.6,4301,1261162.75,24-FEB-2010,
KCPSUGIND,EQ,22.55,22.8,22.2,22.65,22.75,22.95,111683,2518334.85,24-FEB-2010,
KEC,EQ,561.25,583.95,561.25,579.55,570.5,571.45,11118,6408044.05,24-FEB-2010,
KEI,EQ,30.5,30.5,29.4,29.7,30,30.45,60566,1803776,24-FEB-2010,
KEMROCK,EQ,377,377,361.5,366.35,367,372.85,4359,1615115.55,24-FEB-2010,
KERNEX,EQ,152.15,164.9,151.7,151.7,151.7,159.65,1520100,242467961.3,24-FEB-2010,
KESARENT,EQ,102,122,100,113.75,115,112.2,1971,223146.85,24-FEB-2010,
KESORAMIND,EQ,359.9,360,350.5,356.9,354.85,356.15,8839,3133317.8,24-FEB-2010,
KEYCORPSER,EQ,50.85,50.85,50.85,50.85,50.85,53.5,25,1271.25,24-FEB-2010,
KFA,EQ,49.35,50.8,49.05,50.1,50.45,49.15,1641541,81924146.35,24-FEB-2010,
KGL,EQ,17.9,18.15,17.6,17.9,17.8,18.05,1397921,24911819.9,24-FEB-2010,
KHAITANELE,EQ,68.25,71.45,68.25,68.55,68.55,68.25,112,7706.1,24-FEB-2010,
KHANDSE,EQ,22.3,24,22.3,22.8,22.7,23.75,5001,116772.55,24-FEB-2010,
KIL,EQ,18.7,19.4,18,18.65,18.75,18.95,9488,178320.6,24-FEB-2010,
KINETICMOT,EQ,26,26.25,25.05,25.45,25.35,25.85,75175,1912321.3,24-FEB-2010,
KIRIDYES,EQ,730,740,713,721.5,720.3,722.9,84830,61619943.65,24-FEB-2010,
KIRLOSOIL,EQ,153.15,154,149.3,153.2,153.8,153.15,10681,1630383.1,24-FEB-2010,
KITPLYIND,BE,8.45,8.95,8.4,8.4,8.4,8.8,10826,92236.25,24-FEB-2010,
KKCL,EQ,234,239.9,232,235.25,237,237.3,3694,866316.35,24-FEB-2010,
KLGSYSTEL,EQ,128,128.6,125.2,125.55,125.7,128.7,164365,20765302.05,24-FEB-2010,
KNRCON,EQ,116,118.1,115.5,117.9,118,116.5,6873,805661.1,24-FEB-2010,
KOHINOOR,EQ,52.35,55.75,51.25,52.9,52.7,52.25,388598,20886367.7,24-FEB-2010,
KOLTEPATIL,EQ,55,55.7,54.2,54.5,54.5,55.1,88651,4875140.35,24-FEB-2010,
KOPRAN,EQ,27.8,28.65,27.2,27.95,28.2,27.9,22130,620686.9,24-FEB-2010,
KOTAKBANK,EQ,695.55,712,695.55,708,708.3,705.55,357478,252661418.9,24-FEB-2010,
KOTAKGOLD,EQ,1640,1641.99,1618,1621.1,1624,1644.57,3638,5915186.89,24-FEB-2010,
KOTAKNIFTY,EQ,487,488,480.25,485.06,485,487.16,33641,16351556.05,24-FEB-2010,
KOTAKPSUBK,EQ,315,318,315,315,315,318,225,71175,24-FEB-2010,
KOTARISUG,EQ,9,9,8.5,8.65,8.6,8.95,85215,738788.5,24-FEB-2010,
KOTHARIPET,EQ,9.2,9.2,8.75,9,9.05,8.8,9235,83527.2,24-FEB-2010,
KOTHARIPRO,EQ,404,404,394.05,395.95,397.5,401.65,468,186598.45,24-FEB-2010,
KOUTONS,EQ,356,356.95,347,349.05,347,352.55,17747,6233819.7,24-FEB-2010,
KPIT,EQ,110,110.65,107.95,110.15,109.7,110.95,71434,7845557.95,24-FEB-2010,
KPRMILL,EQ,105.2,108,102.6,104.45,102.95,107.6,4831,510529.5,24-FEB-2010,
KRBL,EQ,23,26.8,23,25.8,25.95,23.7,5416133,138801043.45,24-FEB-2010,
KRISHNAENG,EQ,3.15,3.15,3.15,3.15,3.15,3.1,101,318.15,24-FEB-2010,
KSBPUMPS,EQ,405.3,419.75,403.1,408.9,405.8,422,1486,610729.95,24-FEB-2010,
KSCL,EQ,272,294.95,257.25,284.3,284,275.1,58706,16769755.85,24-FEB-2010,
KSE,EQ,190.1,195,187.1,187.75,187.1,186.45,838,157664.5,24-FEB-2010,
KSERAPRO,BE,11,11.4,11,11.2,11.4,11,330879,3670929.1,24-FEB-2010,
KSK,EQ,176.05,179.95,171.4,172.7,172.5,180.65,54077,9452962.85,24-FEB-2010,
KSOILS,EQ,69,69.8,68.3,69.2,69.4,69.3,1087786,75027725.05,24-FEB-2010,
KTKBANK,EQ,112.2,113.4,110.5,111.1,111.05,112.35,79624,8886048.65,24-FEB-2010,
KWALITY,BE,181.4,187.7,178.35,178.35,178.35,187.7,9654,1722556.9,24-FEB-2010,
L&TFINANCE,N1,1070,1073,1065,1065.15,1069,1067.47,160,170963,24-FEB-2010,
L&TFINANCE,N2,1090,1090,1074,1075,1075,1075.17,120,129186,24-FEB-2010,
L&TFINANCE,N3,1101.1,1144,1101.1,1132,1132,1140,166,186900.4,24-FEB-2010,
L&TFINANCE,N4,1112.5,1117.95,1066,1115.84,1115.8,1116.03,5218,5823299.58,24-FEB-2010,
LAKPRE,EQ,41.5,41.65,41.5,41.65,41.65,41.05,600,24975,24-FEB-2010,
LAKSHMIEFL,EQ,120.6,124.65,118.95,121.6,120.45,120.7,430401,52341390.15,24-FEB-2010,
LAKSHMIMIL,EQ,1940.45,2015,1939,2005,1995,2008.7,77,153051.9,24-FEB-2010,
LAKSHVILAS,EQ,74.9,75.7,72.9,73.55,73.5,74.45,71015,5257916.1,24-FEB-2010,
LANCOIN,EQ,63.2,64.9,63,63.2,63.15,64.05,103092,6577856.1,24-FEB-2010,
LAOPALA,EQ,40.6,41.75,40.1,40.5,40.25,40.6,8048,327629.95,24-FEB-2010,
LAXMIMACH,EQ,1750.1,1754,1724,1730.75,1732,1752.1,6117,10633748.65,24-FEB-2010,
LCCINFOTEC,BE,0.8,0.8,0.75,0.75,0.75,0.8,18060,13845,24-FEB-2010,
LGBFORGE,EQ,2.65,2.8,2.65,2.75,2.65,2.75,6276,17059.6,24-FEB-2010,
LGBROS,EQ,20.55,21.1,20.55,20.8,20.65,21,30064,624447.4,24-FEB-2010,
LIBERTSHOE,EQ,92.45,92.9,89.7,90.25,89.75,91.9,34820,3167923.1,24-FEB-2010,
LICHSGFIN,EQ,718.1,732.2,712.8,725.45,725.1,723.5,293197,213155437.75,24-FEB-2010,
LIQUIDBEES,EQ,1000.01,1000.01,999.99,1000,1000.01,999.99,34619,34619151.98,24-FEB-2010,
LITL,EQ,46,46.4,45.25,45.6,45.45,46.7,4983715,228136696.35,24-FEB-2010,
LLOYDELENG,EQ,55,56.35,54.5,54.7,54.5,55.3,27686,1526042,24-FEB-2010,
LLOYDFIN,EQ,1.9,2.05,1.9,2,2,2,11025,22198.55,24-FEB-2010,
LLOYDSTEEL,EQ,10.5,11.3,10.5,11,11.05,10.75,191592,2103014.7,24-FEB-2010,
LML,EQ,9.6,9.65,9.5,9.55,9.6,9.65,113331,1082621.5,24-FEB-2010,
LOGIXMICRO,EQ,49.9,50,48.05,48.7,48.6,49.6,7603,372315.3,24-FEB-2010,
LOKESHMACH,EQ,43.2,44,43.15,43.3,43.15,44.2,7743,337249.2,24-FEB-2010,
LOTUSEYE,EQ,29.5,29.5,26.75,27.2,27.2,28.15,700,19417.5,24-FEB-2010,
LPDC,EQ,4.9,4.9,4.7,4.85,4.85,4.75,8422,40140.85,24-FEB-2010,
LT,EQ,1485,1516,1471,1501.15,1504,1489.6,1773600,2668958410.25,24-FEB-2010,
LUMAXAUTO,EQ,37.5,38.75,37.5,38.1,38.5,37.3,2772,105358.25,24-FEB-2010,
LUMAXIND,EQ,179,183.5,172.05,178.7,178,179.65,358,63505.35,24-FEB-2010,
LUMAXTECH,EQ,94,102.45,94,97.7,98,97.6,15557,1525591,24-FEB-2010,
LUPIN,EQ,1470,1488.75,1455,1460.65,1461.5,1477.85,124238,182337074.3,24-FEB-2010,
LYKALABS,EQ,28.9,28.9,27.1,27.5,27.5,27.55,6469,180573.45,24-FEB-2010,
M&M,EQ,975,978.9,951,957.3,959.1,980.6,949872,910626675.15,24-FEB-2010,
M&MFIN,EQ,325.05,330,320.15,322,321,325.65,6974,2254704.1,24-FEB-2010,
MADHAV,EQ,27.5,27.55,26.35,26.85,26.9,27.6,3511,93774,24-FEB-2010,
MADHUCON,EQ,156,159.3,152.75,155.5,154,158.15,23780,3735177.8,24-FEB-2010,
MADRASCEM,EQ,105,108.75,105,106,105.5,106.2,162370,17240536.95,24-FEB-2010,
MADRASFERT,BE,14.5,14.75,14.05,14.1,14.05,14.75,182071,2592456.35,24-FEB-2010,
MAGMA,EQ,232,236.7,228.65,233.35,231,231.45,270675,62753121,24-FEB-2010,
MAGNUM,EQ,8.5,8.8,8.5,8.8,8.8,8.55,3048,26069.35,24-FEB-2010,
MAHABANK,EQ,50.25,50.25,49,49.45,49.35,50,54997,2727595.15,24-FEB-2010,
MAHINDFORG,EQ,105.9,106.85,100.75,105.05,105.9,106.75,102153,10641238.4,24-FEB-2010,
MAHINDUGIN,EQ,57,57.75,56.3,56.55,56.55,58.5,11820,670649.6,24-FEB-2010,
MAHLIFE,EQ,380,396,379,390.1,390,384.2,228669,88120432.7,24-FEB-2010,
MAHSCOOTER,EQ,240,250,240,244.35,246,242.85,1357,328608.55,24-FEB-2010,
MAHSEAMLES,EQ,342,349,340,345.55,345,342.95,213322,73018396.2,24-FEB-2010,
MALUPAPER,EQ,14.7,15.35,14.7,15.05,14.85,15.05,3680,54734.55,24-FEB-2010,
MALWACOTT,EQ,38,38,36.55,37.5,37.5,37.95,375,14034.5,24-FEB-2010,
MANAKSIA,EQ,77.75,78.15,74.3,75.25,76.45,77.95,18021,1369490.4,24-FEB-2010,
MANALIPETC,EQ,9.55,10.7,9.55,10.1,10.1,10,93111,941714.5,24-FEB-2010,
MANALU,EQ,43.95,43.95,41.3,41.8,42.1,42.25,4023,170108.15,24-FEB-2010,
MANGALAM,EQ,13.45,13.45,12.9,12.95,12.9,13.55,15210,198777.05,24-FEB-2010,
MANGCHEFER,EQ,22,22.65,21.85,22.05,22.05,22.2,447407,9920715.25,24-FEB-2010,
MANGLMCEM,EQ,160,164.7,154,163.5,163.5,161.95,31306,5062075.8,24-FEB-2010,
MANGTIMBER,EQ,25,26,24.5,25.15,25.35,25.3,10839,271108.7,24-FEB-2010,
MANINDS,EQ,52.95,53.4,52.5,53.05,52.8,53.3,48210,2551395.35,24-FEB-2010,
MANUGRAPH,EQ,51.9,51.9,48.15,48.6,48.65,50.2,8643,426218.95,24-FEB-2010,
MARALOVER,EQ,13,13.35,13,13,13,13.05,3908,51510.6,24-FEB-2010,
MARG,EQ,163,168,160,165.2,166,164.6,33014,5389404.25,24-FEB-2010,
MARICO,EQ,99.5,101.8,98.2,99.9,99.5,99.65,291436,28878449.95,24-FEB-2010,
MARKSANS,EQ,4.85,4.9,4.75,4.85,4.9,4.85,325094,1565785.45,24-FEB-2010,
MARUTI,EQ,1325,1388.85,1317.65,1365.4,1384.95,1335.75,827260,1115283371.35,24-FEB-2010,
MASTEK,EQ,330,332.7,317,318.75,320,331.45,31715,10236572.35,24-FEB-2010,
MAWANASUG,EQ,34.5,34.75,33.7,33.9,33.7,34.7,17133,583426.35,24-FEB-2010,
MAX,EQ,189.95,193.8,188.5,191.55,191.75,190.9,153446,29441359.75,24-FEB-2010,
MAXWELL,EQ,18.35,19.55,18.35,19.3,19.2,18.65,60750,1170501.7,24-FEB-2010,
MAYTASINFR,EQ,152.8,155.35,150.5,152.95,153,153.45,212752,32604771.95,24-FEB-2010,
MBECL,EQ,248,251.75,244.25,247.4,247,250.15,184073,46037012.5,24-FEB-2010,
MBLINFRA,EQ,204.5,207.8,201.5,205.95,206.4,207.1,49102,10074571.25,24-FEB-2010,
MCDHOLDING,EQ,88.1,91.95,88.1,90.3,90.25,91.3,2997,271892.25,24-FEB-2010,
MCDOWELL-N,EQ,1300,1344,1300,1337.65,1338,1309.1,385148,512958474.95,24-FEB-2010,
MCLEODRUSS,EQ,217.25,222.2,213.7,219.25,220.85,219.05,457462,99507735.5,24-FEB-2010,
MEGASOFT,EQ,25.6,25.8,24,24.05,24,25.25,24837,608943.8,24-FEB-2010,
MEGH,EQ,14.6,14.85,14.25,14.65,14.55,14.7,84975,1238690.9,24-FEB-2010,
MELSTAR,EQ,11.1,11.65,11.1,11.65,11.65,11.1,1850,21057.5,24-FEB-2010,
MERCK,EQ,623.85,623.85,612,612.65,612,619.4,1803,1111223.55,24-FEB-2010,
MHRIL,EQ,429,434.8,423,427.45,423,433.7,2016,864306.4,24-FEB-2010,
MIC,EQ,43.25,44.3,42.4,42.55,42.5,43.45,893337,38700570.05,24-FEB-2010,
MICRO,EQ,615.1,624,615.1,620.9,623.65,616.6,18427,11406350.95,24-FEB-2010,
MICROTECH,EQ,169.9,170.9,165.25,167.2,166.85,168.5,14772,2485694.4,24-FEB-2010,
MID-DAY,EQ,21,22,20.5,20.8,20.6,20.9,29979,636807.7,24-FEB-2010,
MINDAIND,EQ,308.9,308.9,300,300.95,300.75,301.35,4011,1207795.9,24-FEB-2010,
MINDTREE,EQ,536.6,548,535,535.9,535,535.6,24388,13121238.7,24-FEB-2010,
MIRCELECTR,EQ,16.45,16.6,16.2,16.3,16.2,16.55,54907,896729.55,24-FEB-2010,
MIRZAINT,EQ,16,16,14.85,15,15.1,15,129255,1941965.8,24-FEB-2010,
MLL,EQ,53,53.65,52.4,53,53.05,53.15,1108021,58649962.75,24-FEB-2010,
MMFL,EQ,61.4,65,60.15,60.85,60.65,60.25,12100,755668.85,24-FEB-2010,
MMTC,EQ,33600,33810,33511.55,33544.45,33514,33575.6,75,2522916.1,24-FEB-2010,
MONNETISPA,EQ,367.95,371,367,370,370,368.85,30492,11277000.55,24-FEB-2010,
MONSANTO,EQ,1757,1785,1722,1735.75,1740,1757.8,8564,15063801.8,24-FEB-2010,
MORARJETEX,EQ,16.8,16.8,15,15.15,15.9,15.85,9212,141107.8,24-FEB-2010,
MOREPENLAB,EQ,7.85,7.95,7.75,7.85,7.8,7.9,72334,566574.25,24-FEB-2010,
MOSERBAER,EQ,73.5,73.95,72.95,73.2,73,73.85,352180,25865321.65,24-FEB-2010,
MOTHERSUMI,EQ,118,130,118,127.65,126.3,123.25,136843,17408612.75,24-FEB-2010,
MOTILALOFS,EQ,160.65,160.65,154.65,157.05,157.35,158.1,4496,703010.7,24-FEB-2010,
MOTOGENFIN,EQ,39.75,41,39.2,40.8,41,40.5,7736,313029.4,24-FEB-2010,
MPHASIS,EQ,734.2,748.3,728.25,734.8,734.4,740.45,555596,410165997.05,24-FEB-2010,
MPSLTD,EQ,58.2,61.7,58.2,61,60.95,59.5,15437,935343.7,24-FEB-2010,
MRF,EQ,5680,5680,5600,5614.55,5601,5696.2,3962,22324084.45,24-FEB-2010,
MRO-TEK,EQ,26.5,27.45,26.5,26.65,26.6,27.4,13555,362786.45,24-FEB-2010,
MRPL,EQ,74.5,74.5,72.25,73.5,73.8,73.75,576070,42113209.9,24-FEB-2010,
MSKPROJ,EQ,115,115,111.4,112.5,112.5,114.6,65221,7394912.55,24-FEB-2010,
MSPL,EQ,31.2,32,31.2,31.6,31.5,32,7950,251657.55,24-FEB-2010,
MTNL,EQ,74.75,74.75,71.6,71.95,71.75,73.45,601904,43685757.95,24-FEB-2010,
MUDRA,EQ,32.15,34.5,32.15,33.75,33.25,33.65,105787,3577477.3,24-FEB-2010,
MUKANDENGG,EQ,34.6,39.85,34.1,37.9,38.5,35.3,144995,5526941.1,24-FEB-2010,
MUKANDLTD,EQ,54,57.7,53.6,54.3,54.6,54.85,46231,2566211.9,24-FEB-2010,
MUKTAARTS,EQ,53.95,53.95,52,53.6,53.75,53.3,3329,175819.1,24-FEB-2010,
MUNDRAPORT,EQ,646,655.5,636,639.7,640,649.05,259079,166895577.1,24-FEB-2010,
MUNJALAU,EQ,102,103.05,99.2,100.35,99.5,104,10238,1036081.8,24-FEB-2010,
MUNJALSHOW,EQ,45.4,45.75,44.1,44.75,44.25,45.5,22391,1010239.15,24-FEB-2010,
MURLIIND,EQ,301.1,310,295.1,300.2,298.8,302.7,5051,1530187.05,24-FEB-2010,
MURUDCERA,EQ,34.5,35.85,34.4,34.65,34.65,34.4,9598,332342.7,24-FEB-2010,
MVL,EQ,64.25,64.95,63.5,63.85,64.9,64.85,17463,1122463.3,24-FEB-2010,
MVLIND,BE,21,21.65,20.5,21.45,21.2,21.55,5836,120733.8,24-FEB-2010,
MYSOREBANK,EQ,686.9,686.9,661,662.25,661,673,447,299020.8,24-FEB-2010,
NAGARCONST,EQ,151.95,153.4,150.2,152.6,152.75,150.75,448631,68194378.65,24-FEB-2010,
NAGARFERT,EQ,33,33.2,32.15,32.6,32.6,33,6065471,198060395.7,24-FEB-2010,
NAGREEKCAP,EQ,41.5,41.7,40.75,41.7,41.7,42.2,1045,42854.7,24-FEB-2010,
NAGREEKEXP,EQ,17.95,17.95,17.95,17.95,17.95,18.8,30,538.5,24-FEB-2010,
NAHARCAP,EQ,72,73,71.5,72.8,72.55,73,8759,636851.3,24-FEB-2010,
NAHARINDUS,EQ,68,69.5,66.2,67.1,66.55,68.6,15199,1027100.35,24-FEB-2010,
NAHARINVST,EQ,27,27,25.75,26.55,26.55,25.7,802,20841.45,24-FEB-2010,
NAHARSPING,EQ,77,77.5,74.5,75,75.45,76.5,17730,1333292.85,24-FEB-2010,
NANDAN,EQ,2.25,2.3,2.2,2.2,2.2,2.3,118435,261052.1,24-FEB-2010,
NATCOPHARM,EQ,119.4,124.9,118,123.95,124.5,119.4,132488,16288093.3,24-FEB-2010,
NATIONALUM,EQ,366,379.4,365.15,375.25,376.65,368.65,324918,121114738.7,24-FEB-2010,
NATNLSTEEL,EQ,20.2,21,20,20.7,20.35,20.85,11143,230679,24-FEB-2010,
NAUKRI,EQ,841,842,811.35,826.65,828.85,835.65,1669,1382518.65,24-FEB-2010,
NAVINFLUOR,EQ,317,317,307,307.35,307.85,311.8,8231,2541559.45,24-FEB-2010,
NAVNETPUBL,EQ,48,48,46.9,47.25,47.5,48.2,162366,7698782.2,24-FEB-2010,
NBVENTURES,EQ,360,367,355.15,360.05,363,364.05,20020,7251626.9,24-FEB-2010,
NCLIND,EQ,36.2,36.2,33.25,33.5,33.55,33.25,17108,574195.5,24-FEB-2010,
NDTV,EQ,125,125.85,123.1,123.75,123.95,124.15,46307,5756951.45,24-FEB-2010,
NECLIFE,EQ,32.5,33,32.35,32.7,32.5,32.85,88159,2883445.15,24-FEB-2010,
NELCAST,EQ,66.5,67.9,65.1,65.7,65.7,66.35,1227,80906.35,24-FEB-2010,
NELCO,EQ,100.2,101,98.8,99.75,99.7,100.3,55283,5521319.9,24-FEB-2010,
NEOCURE,EQ,5.05,5.1,4.8,4.9,4.9,5.05,6743,33437.8,24-FEB-2010,
NEPCMICON,EQ,8.2,8.3,7.95,8.05,8.1,8.1,12527,101447.85,24-FEB-2010,
NESCO,EQ,1145,1164.95,1145,1157.5,1155,1160,4388,5076856.25,24-FEB-2010,
NESTLEIND,EQ,2550,2590,2540,2574.7,2567,2552.2,9918,25304261.65,24-FEB-2010,
NETWORK18,EQ,100.2,101.2,100,100.1,100,101.9,38391,3851263.25,24-FEB-2010,
NETWORK18,P2,99.95,99.95,95.2,97.9,97.9,95.5,86,8457.35,24-FEB-2010,
NEULANDLAB,EQ,100.75,100.75,96.55,99.15,99.2,97.05,1753,173006.2,24-FEB-2010,
NEYVELILIG,EQ,155,157.45,153.75,155.55,155,155.05,744373,115875602.8,24-FEB-2010,
NFL,EQ,119.9,122.25,114.2,116.7,116.2,122.6,2391415,283190376.7,24-FEB-2010,
NHPC,EQ,31.85,32.35,31.8,32.05,32.15,32.05,5211251,167138229.8,24-FEB-2010,
NICCO,EQ,5.25,5.3,5.05,5.15,5.2,5.3,35229,181096.9,24-FEB-2010,
NIFTYBEES,EQ,483.5,489.86,480.2,488.33,488.88,487.92,15158,7399752.44,24-FEB-2010,
NIITLTD,EQ,64.8,66,64.3,64.95,64.9,65.8,584441,38066032.5,24-FEB-2010,
NIITTECH,EQ,176.95,178.65,169.2,171.95,172.4,177.35,210516,36330433.15,24-FEB-2010,
NILKAMAL,EQ,233.9,243.3,226,231.85,230.7,234.45,117376,27472715.8,24-FEB-2010,
NIPPOBATRY,EQ,403.75,403.75,391.2,392,392,396.6,100,39811.95,24-FEB-2010,
NIRMA,EQ,172,173.25,167,170.35,169.4,175.25,50467,8575701.95,24-FEB-2010,
NISSAN,EQ,38.3,40,38.05,38.7,38.05,39.95,7724,302479.55,24-FEB-2010,
NITCO,EQ,44.1,46.6,42,44,43.7,44.25,20097,891807.05,24-FEB-2010,
NITINFIRE,EQ,306.65,348.8,306.65,340.45,341.9,345.15,89576,30658996.05,24-FEB-2010,
NITINSPIN,EQ,7.7,7.7,7.2,7.3,7.4,7.45,7857,57663.5,24-FEB-2010,
NMDC,EQ,437,444.8,427.2,430.4,428.95,438.6,678847,294516772.45,24-FEB-2010,
NOCIL,EQ,22,22.6,22,22.1,22,22.1,258171,5732316.5,24-FEB-2010,
NOIDATOLL,EQ,35,35,34.1,34.45,34.35,34.8,432986,14948101.9,24-FEB-2010,
NORBTEAEXP,EQ,10.7,11.05,10,10.4,10.55,10.7,7400,77034.35,24-FEB-2010,
NORTHGATE,EQ,20.2,20.6,19.15,19.5,19.5,19.95,170741,3392859.25,24-FEB-2010,
NOVOPANIND,EQ,37.1,38,37.1,38,38,38,400,15020,24-FEB-2010,
NRBBEARING,EQ,59.6,61,59.3,59.8,60.7,60.15,2521,150581.4,24-FEB-2010,
NRC,EQ,11.1,11.9,11.1,11.1,11.1,11.6,11549,129759,24-FEB-2010,
NSIL,EQ,1039,1039,1002,1019.6,1029,1028.9,55,56107.9,24-FEB-2010,
NTPC,EQ,197,204.95,197,204.4,204,201.65,5342536,1085485820.7,24-FEB-2010,
NUCHEM,EQ,11.9,11.9,11,11.05,11,11.35,42142,469055.3,24-FEB-2010,
NUCLEUS,EQ,120.7,121.8,119.55,120.95,120.85,120.7,31346,3784937.5,24-FEB-2010,
NUMERICPW,EQ,310.4,317.95,308.5,315.9,316,311.7,17561,5534225.9,24-FEB-2010,
NUTEK,EQ,33.05,34.75,33.05,34.05,34,34.05,16442,559145.55,24-FEB-2010,
OCL,EQ,121.15,122.85,120,121.35,120.8,123.3,17503,2122905.3,24-FEB-2010,
OFSS,EQ,2200,2239.9,2185.35,2198.45,2200,2206.5,52991,116789982.5,24-FEB-2010,
OIL,EQ,1138.05,1165,1133,1146.6,1142,1136.7,18255,20876530.65,24-FEB-2010,
OILCOUNTUB,EQ,112.2,116.85,112.2,113.75,113.5,113.35,78256,8997009.35,24-FEB-2010,
OISL,EQ,26.5,27.65,26.2,26.6,26.65,27.4,78928,2101300.4,24-FEB-2010,
OMAXAUTO,EQ,47.3,49.35,46.65,48.15,49.2,48.7,78927,3749744.1,24-FEB-2010,
OMAXE,EQ,92.5,94.05,90.25,91.1,90.4,92.9,157566,14575168.7,24-FEB-2010,
OMNITECH,EQ,163,163,157.1,159.1,159.25,163.05,26232,4203434.9,24-FEB-2010,
ONGC,EQ,1104.95,1107.85,1086.05,1101.25,1103,1101.5,344609,378454058,24-FEB-2010,
ONMOBILE,EQ,365.6,371.65,362.1,363.6,363.6,368.7,168692,61770327.05,24-FEB-2010,
ONWARDTEC,EQ,18,18.1,17.85,17.9,17.85,18.25,940,16992.5,24-FEB-2010,
OPTOCIRCUI,EQ,209.3,209.3,204,207.1,206.65,207.45,584327,120374474,24-FEB-2010,
ORBITCORP,EQ,245.8,248.25,238.3,240.45,238.5,246.9,706194,172184092.15,24-FEB-2010,
ORCHIDCHEM,EQ,165.9,170.5,163.6,168.95,168.45,166.35,1311705,221134674.6,24-FEB-2010,
ORIENTABRA,EQ,27.15,28.6,27.15,28.2,28.5,28.3,14612,412049.6,24-FEB-2010,
ORIENTALTL,BE,13.7,13.75,13.4,13.4,13.4,14.1,7772,104736.7,24-FEB-2010,
ORIENTBANK,EQ,265.2,273.45,265.2,272.25,272.5,267,440503,119670708.8,24-FEB-2010,
ORIENTCERA,EQ,48.5,52,48.5,49.45,50,49.95,2713,135172.85,24-FEB-2010,
ORIENTHOT,EQ,255.1,268,255.1,265.05,268,260.85,3847,1006667.9,24-FEB-2010,
ORIENTPPR,EQ,46.4,46.7,45.6,46,45.95,46.8,62448,2887330.55,24-FEB-2010,
OUDHSUG,EQ,49.5,52,48.85,51.1,51,51.45,20582,1047983.1,24-FEB-2010,
PAEL,EQ,38.5,39.5,38.3,39,38.8,39.2,14445,561769.05,24-FEB-2010,
PAGEIND,EQ,817.9,817.9,801.15,808.75,810,804.4,3887,3144276.2,24-FEB-2010,
PANACEABIO,EQ,191,191,187.15,188.8,187.9,190.35,23627,4463378.4,24-FEB-2010,
PANASONIC,EQ,86.55,86.55,86.55,86.55,86.55,82.4,1,86.55,24-FEB-2010,
PANORAMUNI,EQ,313.95,323.65,302.3,306.55,304.8,309.3,40122,12502769.5,24-FEB-2010,
PANTALOONR,EQ,398,398,381.05,383.65,382.5,389.4,297948,116149458,24-FEB-2010,
PAPERPROD,EQ,57,57.7,56.5,57.5,57.5,56.55,17349,990562.7,24-FEB-2010,
PARACABLES,EQ,12.65,12.65,12.05,12.3,12.25,12.4,28153,345388.25,24-FEB-2010,
PARAL,EQ,135.85,135.85,131.9,132.55,132,135.85,5806,773968.35,24-FEB-2010,
PAREKHPLAT,EQ,6.95,6.95,6.45,6.75,6.75,6.75,843,5608.5,24-FEB-2010,
PARSVNATH,EQ,114,120,113.25,118.1,118.45,114.5,1216057,143374050.55,24-FEB-2010,
PATELENG,EQ,425,427.85,421.15,423,424,428,83386,35276188.6,24-FEB-2010,
PATINTLOG,EQ,28.6,29.5,28.05,28.8,29,29,1324,37967.9,24-FEB-2010,
PATNI,EQ,476,489.8,473,485.35,483,482.55,281424,135697025.75,24-FEB-2010,
PATSPINLTD,EQ,9.7,9.7,8.85,9,9,9.25,3502,31331.5,24-FEB-2010,
PBAINFRA,EQ,62.45,62.85,60.3,61.3,61.6,61.55,15636,965428.25,24-FEB-2010,
PDUMJEIND,EQ,16.95,16.95,15.9,16.4,15.9,16.7,18258,299680.8,24-FEB-2010,
PDUMJEPULP,EQ,21.85,21.85,20,20.5,20.75,20.25,5809,119987.95,24-FEB-2010,
PEACOCKIND,EQ,3.35,3.35,3.2,3.25,3.2,3.35,6820,22400.25,24-FEB-2010,
PEARLPOLY,EQ,10.45,11.8,10.4,11.75,11.75,11.45,1656,18216.75,24-FEB-2010,
PENINLAND,EQ,81.85,82.5,78.8,79.45,80,81.85,604368,48633190.55,24-FEB-2010,
PEPL,EQ,4,4.4,4,4,4,4.2,369,1503.6,24-FEB-2010,
PETRONENGG,EQ,282,282,261,265.65,263,268.95,4299,1163111.05,24-FEB-2010,
PETRONET,EQ,70.5,70.75,69.5,70.15,70,70.9,402524,28284009.45,24-FEB-2010,
PFC,EQ,231.9,242.95,230.55,242.1,242.75,231.95,677859,161648574.75,24-FEB-2010,
PFIZER,EQ,922.1,938.8,920.4,932.3,924,935.25,3782,3506749.4,24-FEB-2010,
PFOCUS,EQ,196.45,198,190.05,193.75,193,193.15,4615,897129.15,24-FEB-2010,
PGHH,EQ,1903,1917,1901,1908.75,1905,1902.3,3745,7154017.55,24-FEB-2010,
PHILIPCARB,EQ,182,184.5,177,179.6,178,183.7,9765,1767938.15,24-FEB-2010,
PHOENIXLTD,EQ,187.4,190.1,182.1,183,183.4,187.85,14308,2659745.6,24-FEB-2010,
PIDILITIND,EQ,198,200.4,195.2,196.05,195.2,198.6,40411,7986934.75,24-FEB-2010,
PIONEEREMB,EQ,17,17.45,16.4,17.15,17.35,17,5966,99586.25,24-FEB-2010,
PIPAVAVYD,EQ,53.6,54.75,53.6,54.2,54.75,54.05,197616,10682005.35,24-FEB-2010,
PIRGLASS,EQ,73,74.5,72.55,74.25,73.55,72.4,1855,136967.05,24-FEB-2010,
PIRHEALTH,EQ,367.1,384.85,367.1,375.5,375.45,375.05,318123,120617612.1,24-FEB-2010,
PIRLIFE,EQ,75.7,77,75.65,76.15,76,76.65,3124,238769.5,24-FEB-2010,
PITTILAM,EQ,37.4,37.4,34.3,34.9,35,36.35,854,29867.1,24-FEB-2010,
PLASTIBLEN,EQ,134.2,144.85,134.2,142.85,143,139.8,763,109515.2,24-FEB-2010,
PLETHICO,EQ,394.1,394.1,380.35,384.85,384,387.8,22563,8687421.3,24-FEB-2010,
PNB,EQ,884.75,886.65,868.45,870.85,870,883.25,313048,274241311.7,24-FEB-2010,
PNBGILTS,EQ,26.2,27.25,25.7,26.15,26.05,26.25,49605,1306587.6,24-FEB-2010,
PNC,EQ,27.2,27.8,26.65,26.8,27.1,27.35,15007,405745.25,24-FEB-2010,
POCHIRAJU,EQ,19.6,22.15,19.2,19.55,19.2,20.7,310014,6297684.65,24-FEB-2010,
POLARIND,EQ,4.75,4.9,4.6,4.65,4.65,4.8,4538,21234.7,24-FEB-2010,
POLARIS,EQ,152.3,156.5,148.6,149.4,149.5,154.7,998365,151304872.1,24-FEB-2010,
POLYPLEX,BE,200,205.95,200,201.55,203.5,201.9,11328,2319544.45,24-FEB-2010,
PONNIERODE,EQ,115,115,105,112.1,112.2,116,31267,3460584.6,24-FEB-2010,
POWERGRID,EQ,106.2,106.9,105.65,106.25,106.2,106.6,509671,54114251.65,24-FEB-2010,
PPAP,EQ,77,77,75.1,75.9,75.2,76.6,9728,738345.3,24-FEB-2010,
PRAENG,EQ,29,29.35,28.6,29.15,29.2,29.2,37979,1102906.05,24-FEB-2010,
PRAJIND,EQ,81.8,81.8,80.25,81.1,81.15,81.1,584905,47405908.35,24-FEB-2010,
PRAKASH,EQ,200.1,204.8,197,202.1,203,201.6,271641,54667820.75,24-FEB-2010,
PRATIBHA,EQ,308.05,316.95,304,313,316.25,314.7,62451,19438535.8,24-FEB-2010,
PRECOT,EQ,113,114.95,108.35,110.25,110.25,112.45,820,90548.8,24-FEB-2010,
PRECWIRE,EQ,69.15,69.5,68.5,69,69,69.25,240,16531.75,24-FEB-2010,
PREMIER,EQ,135,138,127,127.9,128,131.6,3710,484238.05,24-FEB-2010,
PRETAILDVR,EQ,222.8,230,220.55,224.1,220.55,229.45,7143,1615922.8,24-FEB-2010,
PRICOL,EQ,22.3,22.75,22.05,22.3,22.25,22.6,38791,863787.3,24-FEB-2010,
PRIMESECU,EQ,31.85,32.1,31,31.35,31.85,31.7,35861,1127918.1,24-FEB-2010,
PRISMCEM,EQ,50.25,50.9,49.5,50.7,50.85,50.7,747328,37725626.4,24-FEB-2010,
PRITHVI,EQ,60.4,61,58.5,58.7,58.5,60.9,60968,3611149.05,24-FEB-2010,
PROVOGUE,EQ,49.95,49.95,46.75,47.55,47.65,48.7,344182,16455611.75,24-FEB-2010,
PSL,EQ,140.15,142.7,139.05,140.8,141,142.15,75368,10605864,24-FEB-2010,
PSTL,EQ,16.6,16.9,16.3,16.65,16.65,16.75,35765,593798.35,24-FEB-2010,
PSUBNKBEES,EQ,305.5,305.5,299.75,304.39,305,305.7,206,62125,24-FEB-2010,
PTC,EQ,106,107.55,105,105.85,105.55,105.85,473693,50131012.5,24-FEB-2010,
PTL,BE,18,18,18,18,18,18,250,4500,24-FEB-2010,
PUNJABCHEM,EQ,158.75,159.8,157,159,159.45,159.75,3574,567281.95,24-FEB-2010,
PUNJLLOYD,EQ,172.5,174.65,170.3,171.1,171.4,174.05,1574132,271604131,24-FEB-2010,
PURVA,EQ,92.5,94.25,91.5,93.1,92.75,93.25,87430,8139380.4,24-FEB-2010,
PVP,EQ,22.4,22.85,21.75,22.05,22.2,22.4,166637,3715039.7,24-FEB-2010,
PVR,EQ,172.5,175.6,170,173.7,173.5,173.4,3253,563092.55,24-FEB-2010,
QGOLDHALF,EQ,817.3,819,805,805,805,817.3,2924,2365740.42,24-FEB-2010,
QNIFTY,EQ,489.05,489.05,486.05,486.05,486.05,488.05,10,4887.5,24-FEB-2010,
QUINTEGRA,BE,11.7,12.25,11.7,11.75,11.85,12.3,7996,94282.4,24-FEB-2010,
RADAAN,EQ,3.4,3.5,3.35,3.5,3.5,3.45,7223,24749.25,24-FEB-2010,
RADICO,EQ,111.55,113.4,111,113.1,113,112.95,107100,12067660.2,24-FEB-2010,
RAINCOM,EQ,185.2,188.5,181.2,182,181.45,188.55,48408,8918671,24-FEB-2010,
RAJESHEXPO,EQ,100.1,102.35,98.85,101.2,102,101.35,732127,73849108.7,24-FEB-2010,
RAJOIL,EQ,62.9,65,62.4,62.7,62.6,63.7,63414,4045782.9,24-FEB-2010,
RAJRAYON,EQ,10.2,10.55,10.15,10.55,10.55,10.25,254,2588.8,24-FEB-2010,
RAJSREESUG,EQ,64.05,66,62.55,63.75,63.7,65.4,101362,6473380,24-FEB-2010,
RAJTV,EQ,51.8,51.8,48.6,50.2,50.35,51.05,5567,281902.8,24-FEB-2010,
RAJVIR,EQ,93,93,90.6,92.6,92,93,690,63543.2,24-FEB-2010,
RALLIS,EQ,1291.9,1414,1263.15,1378,1342,1293.5,106290,144385271.1,24-FEB-2010,
RAMANEWS,EQ,20.05,21.55,20.05,21.4,21.5,21.1,118599,2460033.85,24-FEB-2010,
RAMCOIND,EQ,56.05,57.25,56.05,56.9,57.25,57.2,7920,447873.2,24-FEB-2010,
RAMCOSYS,EQ,93.3,93.3,90.25,90.5,90.25,92.6,1889,172413.05,24-FEB-2010,
RAMSARUP,EQ,73,73,70,71.9,72.5,72.5,20185,1442824.55,24-FEB-2010,
RANASUG,EQ,12.25,12.25,11.9,12,11.95,12.25,276579,3332965.4,24-FEB-2010,
RANBAXY,EQ,445.3,455.85,444.65,451,454.45,449.6,1867884,842821525.25,24-FEB-2010,
RANEENGINE,BE,200,206,200,206,206,206.5,58,11630,24-FEB-2010,
RANEHOLDIN,EQ,153,154,151,152.05,152.05,150.8,8870,1348580.8,24-FEB-2010,
RATNAMANI,EQ,97.15,98.4,96,96.2,96.3,97.15,21147,2046453.5,24-FEB-2010,
RAYMOND,EQ,220,227,215.25,223.65,222,219.5,162741,35890601.45,24-FEB-2010,
RBL,EQ,100,103,100,101.35,103,101.6,520,52850,24-FEB-2010,
RCF,EQ,92,93.1,89.1,90.4,90,93.2,5580816,508865835.95,24-FEB-2010,
RCOM,EQ,160,160.55,156.8,157.3,156.95,160.7,2843773,449905197.2,24-FEB-2010,
RECLTD,EQ,212.4,238.2,211,224.2,222.05,212.7,9062638,2032560012.2,24-FEB-2010,
REDINGTON,EQ,296,302.95,294.15,296.7,296,298.75,12143,3626175.9,24-FEB-2010,
REFEX,EQ,24,24.3,23.6,23.9,23.8,24.35,3002,71832.35,24-FEB-2010,
REGENCERAM,EQ,8.25,8.25,7.95,7.95,7.95,8.35,1754,14249.55,24-FEB-2010,
REIAGROLTD,EQ,49.8,52.75,49.05,52.05,52.15,50.05,604174,31157586.55,24-FEB-2010,
REISIXTEN,EQ,100.7,103.6,100.05,101.95,102,104.65,2191,222587.2,24-FEB-2010,
RELBANK,EQ,812,813,800,800,800,821,133,106790.55,24-FEB-2010,
RELCAPITAL,EQ,731,742,728.1,735.6,737.8,736.25,900815,663179374.95,24-FEB-2010,
RELGOLD,EQ,1607.5,1607.5,1572,1577.37,1574,1596.21,1543,2443636.87,24-FEB-2010,
RELIANCE,EQ,970,985.7,966.65,978.8,978.3,975.35,2854453,2798417319.55,24-FEB-2010,
RELIGARE,EQ,363.5,378,363,364.8,363.05,373.4,53155,19594653.1,24-FEB-2010,
RELINFRA,EQ,965,988,961,963.75,963,975.65,917399,892858746.5,24-FEB-2010,
RELMEDIA,EQ,212,213.8,208,209.35,209,213.45,152874,32148312.45,24-FEB-2010,
REMSONSIND,BE,25.3,25.3,25.3,25.3,25.3,25.25,10,253,24-FEB-2010,
RENUKA,EQ,178.9,180.35,176.25,177.85,177.75,180.6,4304329,767558007.1,24-FEB-2010,
REPRO,EQ,93,94.65,91.5,93.65,94.65,94.85,13809,1286338.25,24-FEB-2010,
RESURGERE,EQ,88.85,88.85,86.5,87.55,87.25,88.75,83977,7362823.75,24-FEB-2010,
REVATHI,EQ,573.55,590,572.05,589,590,581.15,180,104358.25,24-FEB-2010,
RICOAUTO,EQ,24.25,24.9,23.6,24.05,24.1,25,32082,777661.3,24-FEB-2010,
RIIL,EQ,808,814.95,800.3,803.8,802.5,809.15,95162,76785568.35,24-FEB-2010,
RJL,EQ,68.05,68.5,66.25,68.3,68.45,68.15,8416,571569.35,24-FEB-2010,
RMCL,EQ,15.2,15.45,15,15.05,15.2,15.3,13105,198196.5,24-FEB-2010,
RMEDIA,BE,68.5,73,68.5,70,70.1,72.1,127981,8967037.35,24-FEB-2010,
RML,EQ,76,78.2,76,77.55,77.5,78.35,4634,358559.9,24-FEB-2010,
RNRL,EQ,61.5,61.9,60.1,60.75,60.6,61.8,4730485,288460494.6,24-FEB-2010,
ROHITFERRO,EQ,36.1,37.6,36.1,36.65,36.7,36.95,31253,1152261.7,24-FEB-2010,
ROHLTD,EQ,77,77.45,75.5,76.05,76.15,77,18310,1398011.35,24-FEB-2010,
ROLTA,EQ,174.5,177.3,172.25,173.85,174.5,176.3,494285,86200294.85,24-FEB-2010,
ROMAN,EQ,46,47,45.5,45.5,46.25,45.5,2374,109897.4,24-FEB-2010,
RPGCABLES,EQ,24.2,26.5,24.2,26.25,26.25,26.2,9410,244188.7,24-FEB-2010,
RPGLIFE,EQ,68.05,70.65,68.05,70.65,70.65,70,4674,327290.15,24-FEB-2010,
RPOWER,EQ,138,139.6,137.4,137.75,137.6,138.85,548616,75948090.65,24-FEB-2010,
RSSOFTWARE,EQ,43.85,44.5,42.5,43,43.4,42.5,32053,1395707.9,24-FEB-2010,
RSWM,EQ,98,98,96,97.95,97.95,96.65,338,32727.85,24-FEB-2010,
RSYSTEMS,EQ,96.1,99.5,96.1,97.95,97.7,98.1,15679,1537094.2,24-FEB-2010,
RUBYMILLS,EQ,755.1,815,755.1,794.35,815,765.2,3061,2374559.8,24-FEB-2010,
RUCHINFRA,EQ,51,52.65,50,50.75,50,51.15,75109,3846170.55,24-FEB-2010,
RUCHIRA,EQ,8,8.45,7.85,7.85,7.85,8.1,1490,11992.75,24-FEB-2010,
RUCHISOYA,EQ,99.75,103.9,97.55,102.9,103.25,99.45,4182204,424865301.8,24-FEB-2010,
SABERORGAN,EQ,70,71.4,69,70.3,70.85,70.55,69272,4851220,24-FEB-2010,
SABTN,EQ,26.4,27.55,25.25,25.3,25.25,26.5,1715,44310.2,24-FEB-2010,
SADBHAV,EQ,1190,1199,1160,1169.6,1160,1192.6,455,534245.3,24-FEB-2010,
SAGCEM,EQ,168,172.6,165.1,166,166,168.7,2206,368991.7,24-FEB-2010,
SAHPETRO,EQ,21,21.75,21,21.05,21.05,21.2,2350,50029.5,24-FEB-2010,
SAIL,EQ,207,209.9,204.5,208.4,208.5,207.5,3556291,737746714.7,24-FEB-2010,
SAKHTISUG,EQ,59.9,65.4,58,64.55,64.1,61.65,405233,25276757.5,24-FEB-2010,
SAKSOFT,EQ,42.85,45,42.85,45,45,43.85,1305,58720.85,24-FEB-2010,
SAKUMA,EQ,13.25,13.45,12.65,13.1,13.1,12.8,15767,204509.05,24-FEB-2010,
SAKUMA,P1,85,85,85,85,85,85,68,5780,24-FEB-2010,
SALORAINTL,EQ,42.7,43.85,42,43.5,43.85,43.3,3293,140423.25,24-FEB-2010,
SALSTEEL,EQ,10.7,11.35,10.7,11.2,11.35,11.1,28782,318536.5,24-FEB-2010,
SAMBHAAV,EQ,2.5,2.65,2.5,2.65,2.65,2.5,5002,12852.55,24-FEB-2010,
SAMTEL,EQ,17.5,17.95,17.35,17.4,17.35,17.7,20797,365037.2,24-FEB-2010,
SANDESH,EQ,207.35,207.35,207,207.05,207,208.75,917,189854,24-FEB-2010,
SANGAMIND,EQ,27.05,28.25,27.05,27.8,28.15,27.7,3489,97044.55,24-FEB-2010,
SANGHIIND,EQ,27.8,28.55,27.8,28.45,28.5,28.35,26286,743937.85,24-FEB-2010,
SANGHIPOLY,EQ,3.05,3.2,3.05,3.05,3.05,3.2,63635,195127.25,24-FEB-2010,
SANGHVIMOV,EQ,208,212,207.5,210.95,210.25,208.45,6247,1311080.2,24-FEB-2010,
SANWARIA,EQ,32,32.9,31.15,32,32,32.25,20946,671759.75,24-FEB-2010,
SAPL,EQ,11.6,12.25,11.55,12.15,12.2,11.95,72566,868194.7,24-FEB-2010,
SARDAEN,EQ,190.05,196.1,190.05,195.6,194.7,195.45,1573,307101.1,24-FEB-2010,
SAREGAMA,EQ,67,68,65.8,66.7,67,67.6,3205,215069.3,24-FEB-2010,
SARLAPOLY,EQ,77,77,73.2,74.85,76.6,75,617,46673.7,24-FEB-2010,
SASKEN,EQ,171,171.55,166.2,167,167.3,171.95,78295,13222810.75,24-FEB-2010,
SATHAISPAT,EQ,37.3,37.35,36,37.05,37.1,37.9,28937,1062531.7,24-FEB-2010,
SATYAMCOMP,EQ,95,97.2,94.95,95.6,95.6,96.95,3977393,381995027.95,24-FEB-2010,
SB&TINTL,EQ,9.6,9.95,9.6,9.65,9.65,9.75,1802,17488.2,24-FEB-2010,
SBBJ,EQ,458,458,439,439.2,440,442.45,1910,842176.75,24-FEB-2010,
SBIGETS,EQ,1675.74,1677,1649.86,1651.73,1651.05,1675.74,776,1291626.04,24-FEB-2010,
SBIN,EQ,1906,1930,1900,1921.25,1922.35,1911.9,817359,1567276609.5,24-FEB-2010,
SBT,EQ,587,594,585.3,590,591.9,589,7202,4240051.8,24-FEB-2010,
SCI,EQ,143.55,145.8,142.6,144.2,143.6,145,178366,25701689.6,24-FEB-2010,
SEAMECLTD,EQ,198.5,199,195.55,196.4,196.9,196.4,7807,1539336.3,24-FEB-2010,
SEINVEST,EQ,357.5,359,343,343.15,343,349.15,590,206982.3,24-FEB-2010,
SEJALGLASS,EQ,46.4,49.5,46.4,48.45,48.5,49,6707,325924.7,24-FEB-2010,
SELAN,EQ,402,411,395.25,398.3,398,407.6,47447,19083011.3,24-FEB-2010,
SELMCL,EQ,80.35,82.45,79,79.6,79.8,82.7,116702,9407766.35,24-FEB-2010,
SESAGOA,EQ,373,381.9,368.25,377,375.9,377.75,3359061,1258942494.55,24-FEB-2010,
SESHAPAPER,EQ,146,151.55,144.3,145.85,145,147.45,2155,316184.5,24-FEB-2010,
SGL,EQ,8.35,8.8,8.3,8.55,8.5,8.65,5991,50982,24-FEB-2010,
SHAHALLOYS,EQ,24.95,25.45,23.55,25.45,25.45,24.4,5252,130036.9,24-FEB-2010,
SHALPAINTS,EQ,280,280,280,280,280,278,25,7000,24-FEB-2010,
SHANTIGEAR,EQ,36.5,38.25,35.95,37.4,37.25,36.7,80171,2974887.5,24-FEB-2010,
SHARRESLTD,EQ,83.5,83.5,82.15,82.55,82.15,86.3,205,16993.25,24-FEB-2010,
SHASUNCHEM,EQ,37.75,38.65,37.05,37.65,37.05,37.95,22880,864969.95,24-FEB-2010,
SHILPAMED,EQ,232.75,232.75,225.1,226.65,227,230.6,5023,1138045.25,24-FEB-2010,
SHIV-VANI,EQ,360,361.15,353.05,355.65,354,360,51192,18250780.7,24-FEB-2010,
SHIVAMAUTO,EQ,90,90,85.3,86.35,88,89.6,17567,1530679,24-FEB-2010,
SHIVTEX,EQ,27,27,25.6,25.9,25.85,26.9,4392,114162.25,24-FEB-2010,
SHLAKSHMI,EQ,135.95,141,133,134.2,133,134.15,173451,23900015.1,24-FEB-2010,
SHOPERSTOP,EQ,330,336.9,327.05,335.05,335,332.3,4059,1345538.8,24-FEB-2010,
SHPRE,EQ,14.7,15.5,14,14.75,14.7,14.8,26440,389580.85,24-FEB-2010,
SHREEASHTA,EQ,13.45,14.9,13.45,14.9,14.9,14.15,23076263,331291511.85,24-FEB-2010,
SHREECEM,EQ,2275.5,2275.5,2181,2195.85,2194,2221.75,14800,32521233.3,24-FEB-2010,
SHREERAMA,EQ,5.6,5.6,5.6,5.6,5.6,5.6,10400,58240,24-FEB-2010,
SHRENUJ,EQ,36.3,39,36.3,37.95,38.3,37.7,16206,617211.3,24-FEB-2010,
SHREYANIND,EQ,22.15,25,22.15,23,23,23.95,1250,30274.7,24-FEB-2010,
SHREYAS,EQ,33,33,32.4,33,33,33.05,225,7395,24-FEB-2010,
SHRIRAMCIT,EQ,451,451,451,451,451,445.15,311,140261,24-FEB-2010,
SHRIRAMEPC,EQ,183,188,183,183.5,183.6,183.6,1988,366027.5,24-FEB-2010,
SHYAMTEL,EQ,59.85,60.25,59,59.4,59.85,60.6,1940,115462,24-FEB-2010,
SICAGEN,EQ,15.8,16.1,15.75,15.9,15.9,16.1,41158,653230.9,24-FEB-2010,
SICAL,EQ,78.65,79.5,74.7,74.95,75,79.3,80216,6145626.05,24-FEB-2010,
SIEMENS,EQ,675,679.8,662.1,677.9,679.8,674.7,325269,220142308.3,24-FEB-2010,
SIL,EQ,23,23,22.55,22.65,22.55,23,3262,74123.55,24-FEB-2010,
SILINV,EQ,90,90.55,88.35,90.5,90.5,91.2,1276,114827.95,24-FEB-2010,
SIMBHSUGAR,EQ,71.05,72,70.25,71.15,71.05,72.25,19198,1366560.8,24-FEB-2010,
SIMPLEX,EQ,200.25,211.6,200.25,205.95,206.4,206.1,1955,404622.85,24-FEB-2010,
SIMPLEXINF,EQ,417.4,427.9,417.4,423.3,420.25,425.5,1642,695057.45,24-FEB-2010,
SINTEX,EQ,240,243.45,234.55,240.1,240,241.95,427976,102380407.65,24-FEB-2010,
SIRPAPER,EQ,49.35,49.85,47.65,48,47.75,49.35,11438,554381.4,24-FEB-2010,
SITASHREE,EQ,8.35,8.7,8.35,8.45,8.4,8.5,15016,127398.25,24-FEB-2010,
SIYSIL,EQ,153,153,148.75,149.3,148.8,148.4,4185,627858.55,24-FEB-2010,
SKFINDIA,EQ,337,344.95,335.1,337.05,337,338.9,26937,9126891.05,24-FEB-2010,
SKMEGGPROD,EQ,17.15,17.65,16.65,17.45,17.65,17.85,10357,178947.85,24-FEB-2010,
SKUMARSYNF,EQ,47,48.05,46.65,46.8,46.9,47.65,592860,28006036.75,24-FEB-2010,
SMARTLINK,EQ,43,43,41.25,41.85,41.25,42.6,15759,662291.4,24-FEB-2010,
SMSPHARMA,EQ,153.9,154,151,151.2,151.75,153.65,6870,1045220.1,24-FEB-2010,
SOBHA,EQ,249.65,254.25,245.1,250.4,251.55,251.55,62091,15490583.85,24-FEB-2010,
SOFTPRO,BE,276.2,280,276.05,276.5,276.5,289.9,222,61882.3,24-FEB-2010,
SOLARINDS,EQ,411.65,427.95,409,423.05,427.9,420.95,2772,1154968.3,24-FEB-2010,
SOLEMS,EQ,58,60,57.9,58.8,58.95,60.85,1115,65147.85,24-FEB-2010,
SOMANYCERA,EQ,149.85,150,145.5,147.7,147.9,148.7,445,65595.5,24-FEB-2010,
SOMATEX,EQ,10.2,10.5,10,10.1,10.15,10.3,51589,522411.15,24-FEB-2010,
SONASTEER,EQ,16.8,17.3,16.7,16.95,17.1,17.05,36712,624979.3,24-FEB-2010,
SONATSOFTW,EQ,52.4,52.55,50.1,50.65,51.1,52.05,151075,7708470.2,24-FEB-2010,
SOTL,EQ,417.05,427.75,411,420.95,421.1,425.75,5977,2520364.45,24-FEB-2010,
SOUTHBANK,EQ,140,141,138.25,139.65,138.65,140,39966,5576179.15,24-FEB-2010,
SPARC,EQ,88,90.9,86.4,90.15,88.85,88.35,911206,81384553.45,24-FEB-2010,
SPENTEX,EQ,10,10.7,10,10.2,10.1,10.15,3723,38278.45,24-FEB-2010,
SPIC,EQ,18.6,19,18.5,18.95,18.7,18.7,153956,2892954.2,24-FEB-2010,
SPICEMOBIL,EQ,39,39.7,38.4,38.8,38.9,39.9,70653,2760964.95,24-FEB-2010,
SPICETELE,EQ,56.7,57.2,55.5,56.25,56.15,56.5,61330,3459841.85,24-FEB-2010,
SPLIL,EQ,9,9.25,9,9,9,9.3,2225,20025.25,24-FEB-2010,
SREINTFIN,EQ,62.95,63.25,62.2,62.5,62.75,63.25,365723,22912579.6,24-FEB-2010,
SRF,EQ,180.65,183.7,179.5,180.7,180.35,182.25,70439,12769696.75,24-FEB-2010,
SRGINFOTEC,EQ,0.8,0.85,0.8,0.8,0.8,0.8,34143,27689.4,24-FEB-2010,
SRHHLINDST,EQ,4.35,4.35,4.35,4.35,4.35,4.4,88,382.8,24-FEB-2010,
SRHHYPOLTD,EQ,29.6,30.05,29.6,30.05,30.05,30.9,229,6834.65,24-FEB-2010,
SRTRANSFIN,EQ,455.5,456,440.1,444.9,442.7,455.15,442169,198506027.8,24-FEB-2010,
SRTRANSFIN,N1,1095,1095.9,1087,1090,1090,1092.15,127,138597.52,24-FEB-2010,
SRTRANSFIN,N2,1119.98,1119.98,1091.11,1105.37,1108,1104.99,366,404222.76,24-FEB-2010,
SRTRANSFIN,N3,1037,1130.5,1037,1130.05,1130,1131,414,458144.5,24-FEB-2010,
SRTRANSFIN,N4,1099,1099,1099,1099,1099,1098,50,54950,24-FEB-2010,
SRTRANSFIN,N5,1089.89,1089.89,1089.89,1089.89,1089.89,1080,10,10898.9,24-FEB-2010,
SSWL,EQ,99.5,100.25,98,98.45,99,98.9,3058,303302.7,24-FEB-2010,
STAR,EQ,305,309.7,294,298.7,294.9,305.5,659022,198365237.4,24-FEB-2010,
STARPAPER,EQ,30.6,30.85,30,30.3,30.1,30.9,5492,166983.35,24-FEB-2010,
STCINDIA,EQ,480,496.9,468.3,471.85,469.1,487.55,606838,290757336.35,24-FEB-2010,
STEELTUBES,EQ,2.25,2.4,2.25,2.4,2.4,2.25,18483,44123,24-FEB-2010,
STER,EQ,732,768.7,731.6,761.8,762,757.75,1382572,1053443538.8,24-FEB-2010,
STERLINBIO,EQ,95,96.4,94.8,95.8,95.65,96.15,498995,47630209.85,24-FEB-2010,
STERTOOLS,EQ,81.2,84.85,81.2,83.5,83,82.1,2006,166581.05,24-FEB-2010,
STINDIA,EQ,8.05,8.25,7.95,8.2,8.2,8.25,1845,14775.2,24-FEB-2010,
STOREONE,EQ,35.7,35.7,33,33.65,34.45,34.15,9663,323754.6,24-FEB-2010,
STRTECH,EQ,394.8,398,390,390.75,391.05,392.8,39544,15531997.5,24-FEB-2010,
SUBEX,EQ,62,63.5,61.3,62.9,62.85,62.8,316503,19780552.2,24-FEB-2010,
SUBHASPROJ,EQ,129.4,141.5,128.9,136.05,134.3,130.15,132011,18166675.5,24-FEB-2010,
SUBROS,EQ,43.5,45,43.5,44.5,44.45,45.55,60510,2695963.4,24-FEB-2010,
SUDARSCHEM,EQ,365,370,363.5,365.1,365,372,1028,374905,24-FEB-2010,
SUJANATOW,EQ,52,52,51.1,51.45,51.55,51.6,41044,2116435.4,24-FEB-2010,
SUJANAUNI,EQ,11.35,11.6,11.05,11.25,11.55,11.5,10388,117765.6,24-FEB-2010,
SUNCLAYTON,EQ,110.05,116.9,109.5,111.35,110.55,110.8,95863,10788364.05,24-FEB-2010,
SUNDARMFIN,EQ,340,340.35,336,337.1,336.2,337.25,1633,551547.2,24-FEB-2010,
SUNDRMBRAK,EQ,206.15,217.95,206.15,210.95,210.95,208.95,1059,223902.9,24-FEB-2010,
SUNDRMFAST,EQ,50.75,52.4,50.75,51.95,52.4,51.55,24780,1279329.9,24-FEB-2010,
SUNFLAG,EQ,28.6,28.85,28.35,28.45,28.6,28.7,123022,3510694.05,24-FEB-2010,
SUNILHITEC,EQ,184.2,201.95,184.2,197.6,198.3,197.3,46060,9155513.75,24-FEB-2010,
SUNPHARMA,EQ,1566,1571.9,1522,1527.5,1526.05,1570.4,154611,238462451,24-FEB-2010,
SUNTECK,EQ,549.45,553,544.4,549.2,550,549.7,43475,23794786.35,24-FEB-2010,
SUNTV,EQ,368.45,370.95,362.25,364.75,364.2,368.1,216583,79087022.4,24-FEB-2010,
SUPER,EQ,230.1,241,230,234.85,232.15,235,932,217162.1,24-FEB-2010,
SUPERSPIN,EQ,10.7,10.7,10,10.35,10.5,10.35,5561,57015.45,24-FEB-2010,
SUPPETRO,EQ,37.95,38.35,37.95,38.15,38.05,38.05,44478,1695156,24-FEB-2010,
SUPRAJIT,BE,147,149.8,145.55,147.8,149.8,147.5,1013,149549.05,24-FEB-2010,
SUPREMEIND,EQ,429.15,439.55,429,437.3,439.55,433,11287,4904505.7,24-FEB-2010,
SUPREMEINF,EQ,170.05,178,165.15,172.3,174.8,173.45,7951,1352519.95,24-FEB-2010,
SURAJDIAMN,EQ,47.8,47.8,46.5,46.6,46.5,47.85,18663,876482.55,24-FEB-2010,
SURANACORP,BE,55,55,52.5,52.95,53,55,2550,137113.25,24-FEB-2010,
SURANAIND,EQ,233.5,244,204.1,209.3,205,240,27425,6158800.1,24-FEB-2010,
SURANAT&P,EQ,38,38.5,37.85,38,38.05,38.05,8497,323682.6,24-FEB-2010,
SURYAJYOTI,EQ,24.45,24.45,23,23,23,23.65,1452,33667,24-FEB-2010,
SURYALAXMI,BE,59,59,57.2,58.05,58.25,58.15,6026,349366.4,24-FEB-2010,
SURYAPHARM,EQ,151.7,152.5,149.1,149.75,149.25,151.95,35355,5335022.35,24-FEB-2010,
SURYAROSNI,EQ,68.6,69.95,67.7,68.2,67.9,69.2,29874,2050297.2,24-FEB-2010,
SUTLEJTEX,EQ,104.5,109.85,104.5,105.05,105.05,107.75,360,37846.5,24-FEB-2010,
SUVEN,EQ,25,25.45,24.6,25.05,24.8,24.8,51066,1273703.35,24-FEB-2010,
SUZLON,EQ,69.25,70,68.15,69.05,69.05,69.55,14253295,983323841.25,24-FEB-2010,
SWARAJENG,EQ,285,286.45,280.1,283.2,285.9,285.25,1683,475351.15,24-FEB-2010,
SWARAJMAZD,EQ,230,230,225,225.15,225,226,225,50742,24-FEB-2010,
SYNCOM,EQ,72,87.7,70,87.7,87.7,73.05,4185462,341236407.9,24-FEB-2010,
SYNDIBANK,EQ,81.5,82.4,81.3,82,82,82,309251,25359044.7,24-FEB-2010,
TAINWALCHM,EQ,16.5,16.5,16.5,16.5,16.5,16.75,100,1650,24-FEB-2010,
TAJGVK,EQ,147,150,146.5,148.7,148,147.05,33451,4961256.25,24-FEB-2010,
TAKE,EQ,27.1,27.25,25.7,26.45,26.3,27.1,75730,1998440.35,24-FEB-2010,
TALBROAUTO,EQ,50.5,50.95,49.55,50.15,50.95,50.75,1316,65812.45,24-FEB-2010,
TANLA,EQ,46.1,47.2,45.55,46.8,47,47.65,406604,19033204.85,24-FEB-2010,
TANTIACONS,EQ,124.1,127.9,121,121.5,121.5,124.05,15576,1909567.05,24-FEB-2010,
TATACAP,N1,116500,116500,116500,116500,116500,115400,1,116500,24-FEB-2010,
TATACAP,N2,1173.99,1173.99,1159.01,1166.46,1159.01,1170.96,341,398118.61,24-FEB-2010,
TATACAP,N3,1125.1,1130.85,1125.1,1128.65,1128.05,1130.34,1054,1190069.55,24-FEB-2010,
TATACAP,N4,1214.99,1217,1213,1214.97,1215,1215.01,1475,1791576.51,24-FEB-2010,
TATACHEM,EQ,284.1,287.9,282.5,284.2,283.5,284.95,431693,123041592.1,24-FEB-2010,
TATACOFFEE,EQ,353,355,347,350.1,350,356,40240,14111304.9,24-FEB-2010,
TATACOMM,EQ,298,298,289.15,290.1,290.45,299.1,170397,49862585.15,24-FEB-2010,
TATAELXSI,EQ,255.9,275,250.1,271.75,269,257.75,455233,121345555.25,24-FEB-2010,
TATAINVEST,EQ,447,452,446,448.55,446,451.85,4574,2052806.45,24-FEB-2010,
TATAMETALI,EQ,133.05,139,133.05,135.25,134.1,136.5,27993,3806111.25,24-FEB-2010,
TATAMOTORS,EQ,692,698.35,675,684.45,683,699.7,3052857,2089124033.7,24-FEB-2010,
TATAMTRDVR,EQ,404.4,459.2,389,391.1,391,405.25,124714,49259225.7,24-FEB-2010,
TATAPOWER,EQ,1250,1272.7,1242,1257.85,1261,1251.75,427283,538131219.95,24-FEB-2010,
TATASPONGE,EQ,344,349,331.5,340.8,338.1,341.8,59226,20171604,24-FEB-2010,
TATASTEEL,EQ,572,574.8,563.55,567.3,567.15,575.5,5146093,2930313092.8,24-FEB-2010,
TATATEA,EQ,916.25,945,916.25,935.55,932,930.2,26950,25091839.7,24-FEB-2010,
TCI,EQ,88.85,89.95,88.25,88.8,88.8,88.85,40671,3623906.6,24-FEB-2010,
TCIFINANCE,EQ,26.2,26.9,26.15,26.15,26.15,27.5,9644,252236.4,24-FEB-2010,
TCS,EQ,756,770.7,752.1,765.35,764.6,762.1,2038029,1561812241.4,24-FEB-2010,
TECHM,EQ,921.05,940.4,913.25,917.95,919.2,928.5,173981,160831968,24-FEB-2010,
TECHNOELEC,EQ,204,206.35,202,203,203.1,205.05,2953,599858.6,24-FEB-2010,
TELEDATAIT,EQ,3.95,4,3.9,3.95,4,3.95,89980,355816.05,24-FEB-2010,
TEXMACOLTD,EQ,150,154.7,136.75,142.8,143.1,149.7,12090643,1756002839.3,24-FEB-2010,
TFCILTD,EQ,25.8,26.15,25.6,25.9,25.85,25.7,75069,1947891.9,24-FEB-2010,
TFL,EQ,14.3,14.3,13.6,13.6,13.6,14.25,3260,45286,24-FEB-2010,
THANGAMAYL,EQ,61.3,66.45,61.3,65,64.35,64.95,648878,41731573.4,24-FEB-2010,
THEMISMED,EQ,174,175,174,175,175,179.15,75,13100,24-FEB-2010,
THERMAX,EQ,583.45,589,560.35,565.35,561.5,573.3,154592,88755252.1,24-FEB-2010,
THINKSOFT,BE,232.95,232.95,232.95,232.95,232.95,245.2,3941,918055.95,24-FEB-2010,
THIRUSUGAR,EQ,206.7,213.9,206,212,212,207.7,1005,211916.7,24-FEB-2010,
THOMASCOOK,EQ,61.6,62.85,61.5,61.8,61.9,62.55,53849,3345623.15,24-FEB-2010,
TIDEWATER,EQ,4850,4896,4846,4861.35,4868,4880.2,474,2304373.25,24-FEB-2010,
TIIL,EQ,45.7,45.7,43.85,44.7,44.65,44.95,8266,370953.75,24-FEB-2010,
TIL,EQ,350,363,340.25,343,342.35,350.95,32763,11591445.05,24-FEB-2010,
TIMESGTY,EQ,68.1,69.9,64.4,64.4,64.4,67.75,462,30529.1,24-FEB-2010,
TIMETECHNO,EQ,44.7,46.3,43.1,43.8,44.7,44.7,41926,1861722.5,24-FEB-2010,
TIMKEN,EQ,101.5,101.95,99.15,99.65,99.2,100.65,24602,2457247.05,24-FEB-2010,
TINPLATE,EQ,76,77.25,75.25,75.75,75.6,77.25,152676,11615910.15,24-FEB-2010,
TIPSINDLTD,EQ,44,46.45,44,45.85,46,44.3,25758,1164549.3,24-FEB-2010,
TIRUMALCHM,EQ,115.2,116.45,114.6,114.95,116.45,115.9,522,60068.55,24-FEB-2010,
TITAN,EQ,1730,1762,1725,1735.6,1726.25,1747.4,41359,72173269.05,24-FEB-2010,
TITAN,N1,222,300,222,300,300,250,8,2088,24-FEB-2010,
TNPETRO,EQ,18.05,18.6,18,18.05,18.05,18.55,28535,519734.85,24-FEB-2010,
TNPL,EQ,81.65,82.9,80.25,82.45,82.3,82.15,40503,3310639.75,24-FEB-2010,
TNTELE,EQ,8.8,9.3,8.7,9.25,9.25,8.9,2050,18231.7,24-FEB-2010,
TODAYS,EQ,20.1,20.6,20.1,20.35,20.3,20.65,34305,699784.55,24-FEB-2010,
TORNTPHARM,EQ,439,445,430.1,431.95,432,441.2,9274,4055956.2,24-FEB-2010,
TORNTPOWER,EQ,291.1,295.8,291.1,294.6,295,295,72877,21451250.05,24-FEB-2010,
TREADS,EQ,8.15,8.25,7.75,8,8.15,7.95,17872,142287.05,24-FEB-2010,
TRENT,EQ,775.6,785,772.05,775,775,777.4,1503,1169276.45,24-FEB-2010,
TRF,EQ,825,828,796.1,801.05,803,826.25,2514,2025700.75,24-FEB-2010,
TRICOM,EQ,13.6,13.9,13.2,13.7,13.75,13.8,50417,688397.7,24-FEB-2010,
TRIGYN,EQ,22.9,22.9,22.1,22.3,22.7,22.55,12543,281878,24-FEB-2010,
TRIL,EQ,365,375,364,365.1,364,368.3,4924,1807156.25,24-FEB-2010,
TRIVENI,EQ,113.55,116.5,113.55,115.45,115,116.85,478425,55133161.5,24-FEB-2010,
TTKHEALTH,EQ,280,280,280,280,280,280,1,280,24-FEB-2010,
TTKPRESTIG,EQ,453,453,431,437.5,436,447.1,4219,1851180.1,24-FEB-2010,
TTL,EQ,14,14.65,13.4,13.7,13.9,14.05,5758,79291.1,24-FEB-2010,
TTML,EQ,23.1,23.5,23.1,23.2,23.15,23.4,1633915,37975014.7,24-FEB-2010,
TUBEINVEST,EQ,72.6,74.5,72.6,74.15,74.5,74.45,69481,5147487.5,24-FEB-2010,
TULIP,EQ,934.1,955,934.1,950.9,953,942,34080,32251837.55,24-FEB-2010,
TULSI,EQ,27.5,27.5,26.1,26.5,26.55,26.75,9460,251141.4,24-FEB-2010,
TULSYAN,BE,71,72.5,66.6,67.75,67.35,69.95,4172,285243.65,24-FEB-2010,
TV-18,EQ,73.35,73.4,72.45,72.65,72.75,73.35,223332,16273780.65,24-FEB-2010,
TVSELECT,EQ,22.6,23.9,22,22.8,22.8,23.2,1765,40319.2,24-FEB-2010,
TVSMOTOR,EQ,59.5,65.8,58,63.95,63.65,60.15,941125,59074759.5,24-FEB-2010,
TVSSRICHAK,EQ,200,214.8,200,207.25,214.8,205.95,1562,322130.65,24-FEB-2010,
TVTODAY,EQ,112.7,112.7,106.1,111.05,112,110.6,16607,1830132.1,24-FEB-2010,
TWL,EQ,399,418.8,372,378.05,373,404.75,9619837,3797200939.6,24-FEB-2010,
UBENGG,EQ,123.6,126.5,120.55,125.45,125.2,123.5,14870,1839960.8,24-FEB-2010,
UBHOLDINGS,EQ,226.3,248.2,226.15,235,233,227.95,153350,37028393.85,24-FEB-2010,
UBL,EQ,171,172.95,168.5,169.4,169,170,16250,2768353.75,24-FEB-2010,
UCALFUEL,EQ,66.25,69.95,63.55,68.3,69.95,66.9,33352,2218451.55,24-FEB-2010,
UCOBANK,EQ,53,55.6,53,55.05,55,54.9,1259492,69349786.2,24-FEB-2010,
UFLEX,EQ,93.1,93.1,90.15,90.65,90.85,93.5,530180,48897505.8,24-FEB-2010,
ULTRACEMCO,EQ,1026,1035,992.05,1022.8,1034,1024.8,82751,83895829.7,24-FEB-2010,
UMESL,EQ,24,24.05,23,23.7,23.85,23.9,18735,438667.65,24-FEB-2010,
UNICHEMLAB,EQ,336.95,336.95,328,329.1,331,335.05,4715,1559999.5,24-FEB-2010,
UNIENTER,EQ,32.75,32.75,31,31,31,31.5,2880,90162.45,24-FEB-2010,
UNIONBANK,EQ,245,251.9,245,250.7,246.45,245.8,749025,186287042.85,24-FEB-2010,
UNIPHOS,EQ,159.4,159.8,153.35,155,154.9,159.85,673552,104816045.5,24-FEB-2010,
UNIPLY,EQ,11.45,11.6,11.25,11.3,11.25,11.55,2305,26276.25,24-FEB-2010,
UNITECH,EQ,68.9,71.2,67.95,70.9,70.95,69.25,32214549,2255902734.8,24-FEB-2010,
UNITEDTEA,EQ,136.4,137.45,132,132.45,132,134.1,1477,196576.35,24-FEB-2010,
UNITY,EQ,550,578.9,550,552.15,552.85,558.7,12868,7272795.3,24-FEB-2010,
UNIVCABLES,EQ,81,81,76.65,78.55,79,79.75,1553,123200.15,24-FEB-2010,
UPERGANGES,EQ,63.05,63.8,61.75,63.15,63.45,64.15,8969,559543.05,24-FEB-2010,
USHAMART,EQ,82,86.5,82,84.85,84.85,85.7,155832,13320120.05,24-FEB-2010,
UTISUNDER,EQ,633,733,633,664,664,690,394,269070.25,24-FEB-2010,
UTTAMSTL,EQ,105.25,109,105,106.6,106.65,106.3,476142,50999394.1,24-FEB-2010,
UTTAMSUGAR,EQ,53,54,51.7,52.3,51.8,54.25,29329,1535783.2,24-FEB-2010,
UTVSOF,EQ,473.05,478,469.5,471.85,473.5,473.7,1965,927035.45,24-FEB-2010,
VAIBHAVGEM,EQ,27,27,26,26,26,26.9,985,26084.75,24-FEB-2010,
VAKRANSOFT,EQ,74.15,75.25,71.55,72.15,71.85,74,82470,6082912.4,24-FEB-2010,
VALECHAENG,EQ,92,95.9,91.7,93.65,93.75,92.7,38895,3657491.45,24-FEB-2010,
VALUEIND,EQ,20.95,21.35,20.75,20.85,21,21.2,29669,623690.3,24-FEB-2010,
VARDHACRLC,EQ,11.3,11.6,11.25,11.45,11.6,11.45,56143,640088.75,24-FEB-2010,
VARDMNPOLY,EQ,46,47,45.85,46.3,46.9,47.8,1237,57143.75,24-FEB-2010,
VARUN,EQ,171,175,166.45,169.95,170.1,170.15,232038,39608128.65,24-FEB-2010,
VARUNSHIP,EQ,49.5,49.65,48.95,49.15,49.1,49.75,105402,5185035.2,24-FEB-2010,
VASCONEQ,EQ,124,128.75,121.85,123.75,122.6,126,342186,42910686.05,24-FEB-2010,
VENKEYS,EQ,309,319.65,301.3,303,302.5,309.95,9285,2874759.9,24-FEB-2010,
VENUSREM,EQ,233.9,233.9,227.65,228.9,228.65,231.25,7350,1689379.65,24-FEB-2010,
VESUVIUS,EQ,202,208.85,202,203.8,203.6,202.8,17787,3652350.55,24-FEB-2010,
VGUARD,EQ,81.65,81.95,79.65,80.1,79.85,80.9,34069,2737606.2,24-FEB-2010,
VHL,EQ,272.4,278.6,272.4,274.45,273.7,276.55,312,85622.65,24-FEB-2010,
VICEROY,EQ,41.5,42.3,40.85,41.75,41.95,42.05,31367,1296401.2,24-FEB-2010,
VIDEOIND,EQ,218,219.9,212.7,215,214.95,219.9,531468,114511230.85,24-FEB-2010,
VIJAYABANK,EQ,47.3,47.45,46.7,46.9,46.8,47.3,1060488,49922976,24-FEB-2010,
VIJSHAN,EQ,36.65,36.85,36.6,36.8,36.8,37,560,20600.8,24-FEB-2010,
VIKASHMET,EQ,14.25,15.1,14.1,14.3,14.1,14.65,15759,225086.8,24-FEB-2010,
VIMTALABS,EQ,25,25.15,23.9,24.1,24.05,24.5,14457,350815.4,24-FEB-2010,
VINATIORGA,EQ,70,72,69.25,70.15,70.45,70.55,12595,888981.9,24-FEB-2010,
VINDHYATEL,EQ,174,204.9,174,194.8,188.7,192.5,4330,824671.95,24-FEB-2010,
VINYLINDIA,EQ,7,7.35,6.7,6.9,7.1,7.1,10357,72387.7,24-FEB-2010,
VIPIND,EQ,221,233.75,221,224.4,223.5,225.5,495526,112707498.35,24-FEB-2010,
VIPUL,EQ,43.55,43.55,41,42.1,41,42.5,11605,498129.05,24-FEB-2010,
VISAKAIND,EQ,116.1,124.4,116.1,121.2,121.4,123.2,6610,804007.9,24-FEB-2010,
VISASTEEL,EQ,39,40.7,39,39.75,39.6,40.3,94553,3773564,24-FEB-2010,
VISESHINFO,EQ,6,6.25,6,6.05,6,6.1,24254,148157.7,24-FEB-2010,
VISHALRET,BE,66,66.9,64.7,65.95,65.9,65.9,42105,2770906.85,24-FEB-2010,
VISUINTL,EQ,5.3,5.3,4.85,4.85,4.85,5,20384,99771.8,24-FEB-2010,
VITLINFO,EQ,9.7,9.7,9.3,9.55,9.6,9.7,472441,4484520.4,24-FEB-2010,
VIVIMEDLAB,EQ,125.2,125.5,121,123.15,123.15,126.25,4490,552341.6,24-FEB-2010,
VLSFINANCE,EQ,13.4,13.4,12.2,12.5,12.65,12.75,53932,678607.4,24-FEB-2010,
VOLTAMP,EQ,820,827.85,811.2,817.15,814.9,825.45,8358,6846462.7,24-FEB-2010,
VOLTAS,EQ,149.1,158,149.1,157.15,157.65,152.75,528214,81714192.65,24-FEB-2010,
VSTIND,EQ,486,495,480,484.25,485.15,497.65,2422,1182150.6,24-FEB-2010,
VTL,EQ,217,221.95,214.55,215.05,215,218.95,17953,3899431.3,24-FEB-2010,
WABCO-TVS,EQ,676,690.1,672,684.65,672,688.7,1381,940399.2,24-FEB-2010,
WALCHANNAG,EQ,225.5,229.9,222,223.55,223,226.15,170417,38473234.55,24-FEB-2010,
WANBURY,EQ,68.5,73.5,68.5,70.5,70.9,71.3,23881,1697302.85,24-FEB-2010,
WEBELSOLAR,EQ,131.15,140,131.15,134.5,136.4,134.15,9873,1349979.8,24-FEB-2010,
WEIZMANIND,BE,43.8,43.8,39.65,39.65,39.65,41.7,11,440.3,24-FEB-2010,
WELGUJ,EQ,230,237.9,228.15,234.15,234,232,857752,199687338.6,24-FEB-2010,
WELSPUNIND,EQ,81.1,82.4,79.1,80.15,80.35,79,445446,35865127.65,24-FEB-2010,
WENDT,BE,708.05,708.05,708.05,708.05,708.05,711.3,10,7080.5,24-FEB-2010,
WHEELS,EQ,223,240,223,226.75,225,231.45,5227,1197897.35,24-FEB-2010,
WHIRLPOOL,EQ,133,137.5,130.95,132.9,132.25,135.8,5118,681007.1,24-FEB-2010,
WILLAMAGOR,EQ,52.85,52.85,50.15,52.3,52.8,52.35,192,10074.7,24-FEB-2010,
WINDSOR,EQ,33.35,35.5,33.35,34,34.2,34.3,9203,317215.55,24-FEB-2010,
WINSOMYARN,EQ,1.8,1.8,1.8,1.8,1.8,1.85,8302,14943.6,24-FEB-2010,
WIPRO,EQ,678,680.95,668.75,672.2,675.55,676.35,816936,551736442,24-FEB-2010,
WOCKPHARMA,EQ,145.5,150,145.5,146.6,146.1,148.75,50385,7406990.2,24-FEB-2010,
WSI,EQ,40,40.5,39.75,40.35,40.35,40,12661,506953.15,24-FEB-2010,
WSTCSTPAPR,EQ,60.2,61.5,60.2,61.25,61.2,61.75,17820,1090272.2,24-FEB-2010,
WWIL,E1,7.25,7.35,6.7,7.05,7.05,7.15,11983,83916.55,24-FEB-2010,
WWIL,EQ,16.75,16.95,16.55,16.65,16.65,16.85,1092023,18238608.65,24-FEB-2010,
WYETH,EQ,741,743.9,734.35,739.95,740,739.7,3055,2260253.5,24-FEB-2010,
XLTELENE,EQ,34.1,35.4,34,34.25,34.05,34.85,44846,1544009.35,24-FEB-2010,
XPROINDIA,EQ,31,31,29,29.2,29.35,30,3774,111225.35,24-FEB-2010,
YESBANK,EQ,234.9,236.7,229.6,230.8,230.7,236.15,1174348,273471402,24-FEB-2010,
ZANDUPHARM,EQ,4050,4260,4050,4103.9,4105,4121,33638,139694646.5,24-FEB-2010,
ZEEL,EQ,252,254,246,247.8,248,249.4,1151860,288137595.8,24-FEB-2010,
ZEENEWS,EQ,57.25,57.4,56.55,56.95,57.2,57.1,87743,4992507.2,24-FEB-2010,
ZENITHBIR,EQ,26.9,27.2,26.05,26.3,26.55,26.45,78534,2084509.65,24-FEB-2010,
ZENITHCOMP,EQ,23,23.4,22.6,22.75,23.35,22.9,976,22455,24-FEB-2010,
ZENITHEXPO,EQ,56.5,61,56.5,60,60,59.05,1400,82050,24-FEB-2010,
ZENITHINFO,EQ,225,240,225,233.8,238.75,231.4,558,128183.15,24-FEB-2010,
ZENSARTECH,EQ,287.9,294.1,281.15,285,284,282.9,215193,62453076.35,24-FEB-2010,
ZICOM,EQ,104,115.8,103.35,106.2,105.25,103.6,792408,87629181.2,24-FEB-2010,
ZODIACLOTH,EQ,395,404.95,392.5,404.95,404.95,395.1,67,26472.5,24-FEB-2010,
ZODJRDMKJ,EQ,25,25,24.95,24.95,24.95,25.4,2,49.95,24-FEB-2010,
ZUARIAGRO,EQ,510,524.9,455.25,515.1,517,514.05,108521,55845335.25,24-FEB-2010,
ZYDUSWELL,EQ,282.15,286.5,278.15,280.9,280,283.35,21416,6046379.15,24-FEB-2010,
ZYLOG,EQ,317,322,311.25,317.35,316.95,320.15,94443,29874809.15,24-FEB-2010,
